1 1.0763203260000000e-01 1.4887795220000000e-01 1.0764811850000000e-01 1.4886186379999999e-01 1
1 1.0766908360000001e-01 1.4891235140000000e-01 1.0768516940000000e-01 1.4889626300000000e-01 1
1 1.0498267949943488e-01 1.4978262374163120e-01 1.0504232678341578e-01 1.4978250262293105e-01 2
1 1.0498293992723924e-01 1.5003900019999999e-01 1.0504258738868864e-01 1.5003900019999999e-01 2
1 1.0424093960000000e-01 9.1432669600000002e-02 1.0421740900000000e-01 9.1429906000000005e-02 3
1 1.0429265650000000e-01 9.1069094000000003e-02 1.0426912600000000e-01 9.1066330400000006e-02 3
1 1.1316758299333532e-01 1.2966695621061880e-01 1.1316575410319431e-01 1.3500095589518907e-01 4
1 1.1342300020000000e-01 1.2966700000000000e-01 1.1342300020000000e-01 1.3500099999999998e-01 4
1 1.1316575410319431e-01 1.3500095589518907e-01 1.1316555665882738e-01 1.3557680688113571e-01 5
1 1.1342300020000000e-01 1.3500099999999998e-01 1.1342300020000000e-01 1.3557685101999997e-01 5
1 1.0694736040000000e-01 1.4786579270000000e-01 1.0694324111336427e-01 1.4787494079784336e-01 6
1 1.0669888469355414e-01 1.4776474765970815e-01 1.0669544654737717e-01 1.4777419387468316e-01 6
1 1.1010557100000000e-01 8.7153546799999995e-02 1.1010557100000000e-01 8.7426545999999994e-02 7
1 1.0984903100000000e-01 8.7153546799999995e-02 1.0984903100000000e-01 8.7426545999999994e-02 7
1 1.1010557100000000e-01 8.7153546799999995e-02 1.1010557100000000e-01 8.7426545999999994e-02 7
1 1.1010440312227451e-01 8.7116298503579159e-02 1.1010509484109524e-01 8.7138360186161029e-02 8
1 1.0984710636551336e-01 8.7131548106959486e-02 1.0984903100000000e-01 8.7153546799999995e-02 8
1 1.1010440312227451e-01 8.7116298503579159e-02 1.1010509484109524e-01 8.7138360186161029e-02 8
1 1.1009629999999999e-01 8.7035472399999994e-02 1.1010297362484596e-01 8.7096064106252952e-02 9
1 1.0984143490000001e-01 8.7066722900000004e-02 1.0984622150215743e-01 8.7121434063236011e-02 9
1 1.1009629999999999e-01 8.7035472399999994e-02 1.1010297362484596e-01 8.7096064106252938e-02 9
1 1.1008396863841903e-01 8.6975783847666188e-02 1.1009056083532673e-01 8.7007692626557831e-02 10
1 1.0983300046021251e-01 8.7035245118283852e-02 1.0984143490000001e-01 8.7066722900000004e-02 10
1 1.1008396863841903e-01 8.6975783847666202e-02 1.1009056083532673e-01 8.7007692626557845e-02 10
1 1.1006871560000001e-01 8.6920293499999995e-02 1.1007908563737945e-01 8.6956077821352229e-02 11
1 1.0982284178359475e-01 8.6997332392227900e-02 1.0983037086875203e-01 8.7025431341900231e-02 11
1 1.1006871560000001e-01 8.6920293499999995e-02 1.1007908563737945e-01 8.6956077821352215e-02 11
1 1.1006354411586206e-01 8.6905892254815764e-02 1.1006871560000001e-01 8.6920293499999995e-02 12
1 1.0981887740000000e-01 8.6982537100000007e-02 1.0982284178359475e-01 8.6997332392227900e-02 12
1 1.1006354411586206e-01 8.6905892254815778e-02 1.1006871560000001e-01 8.6920293499999995e-02 12
1 1.1003389980000000e-01 8.6832132699999995e-02 1.1005269070000000e-01 8.6875668300000000e-02 13
1 1.0980152224430863e-01 8.6945318900393365e-02 1.0981887740000000e-01 8.6982537100000007e-02 13
1 1.1003389980000000e-01 8.6832132699999995e-02 1.1005269070000000e-01 8.6875668300000000e-02 13
1 1.1001242159999999e-01 8.6789861999999995e-02 1.1003389980000000e-01 8.6832132699999995e-02 14
1 1.0978204380000001e-01 8.6903547299999995e-02 1.0980152224430863e-01 8.6945318900393365e-02 14
1 1.1001242159999999e-01 8.6789861999999995e-02 1.1003389980000000e-01 8.6832132699999995e-02 14
1 1.0998219375585258e-01 8.6740392036628103e-02 1.0999622779077511e-01 8.6763359708096566e-02 15
1 1.0976373946016313e-01 8.6877405937635460e-02 1.0978204380000001e-01 8.6903547299999995e-02 15
1 1.0998219375585257e-01 8.6740392036628089e-02 1.0999622779077510e-01 8.6763359708096552e-02 15
1 1.0993698947912398e-01 8.6678773114142599e-02 1.0996173839999999e-01 8.6709765600000002e-02 16
1 1.0973205350000000e-01 8.6832153600000003e-02 1.0975480701169701e-01 8.6864649051878531e-02 16
1 1.0993698947912399e-01 8.6678773114142599e-02 1.0996173839999999e-01 8.6709765600000002e-02 16
1 1.0873632560000000e-01 8.6709765600000002e-02 1.0876107452087602e-01 8.6678773114142599e-02 17
1 1.0873632560000000e-01 8.6709765600000002e-02 1.0876107452087602e-01 8.6678773114142599e-02 17
1 1.0894325698830300e-01 8.6864649051878517e-02 1.0896601050000000e-01 8.6832153600000003e-02 17
1 1.0871587024414747e-01 8.6740392036628033e-02 1.0872271880000001e-01 8.6729183900000006e-02 18
1 1.0871587024414749e-01 8.6740392036628020e-02 1.0872271880000001e-01 8.6729183900000006e-02 18
1 1.0893432453983694e-01 8.6877405937635377e-02 1.0894325698830300e-01 8.6864649051878517e-02 18
1 1.0870183620922490e-01 8.6763359708096552e-02 1.0871587024414747e-01 8.6740392036628033e-02 19
1 1.0870183620922490e-01 8.6763359708096552e-02 1.0871587024414749e-01 8.6740392036628020e-02 19
1 1.0891602020000000e-01 8.6903547299999995e-02 1.0893432453983694e-01 8.6877405937635377e-02 19
1 1.0866416420000000e-01 8.6832132699999995e-02 1.0868564240000000e-01 8.6789861999999995e-02 20
1 1.0866416420000000e-01 8.6832132699999995e-02 1.0868564240000000e-01 8.6789861999999995e-02 20
1 1.0889654175569137e-01 8.6945318900393379e-02 1.0891602020000000e-01 8.6903547299999995e-02 20
1 1.0864537330000000e-01 8.6875668300000000e-02 1.0866416420000000e-01 8.6832132699999995e-02 21
1 1.0864537330000000e-01 8.6875668300000000e-02 1.0866416420000000e-01 8.6832132699999995e-02 21
1 1.0887918660000000e-01 8.6982537100000007e-02 1.0889654175569137e-01 8.6945318900393379e-02 21
1 1.0862934840000001e-01 8.6920293499999995e-02 1.0863451988413793e-01 8.6905892254815847e-02 22
1 1.0862934840000001e-01 8.6920293499999995e-02 1.0863451988413793e-01 8.6905892254815834e-02 22
1 1.0887522221640526e-01 8.6997332392227872e-02 1.0887918660000000e-01 8.6982537100000007e-02 22
1 1.0861897836262058e-01 8.6956077821352146e-02 1.0862934840000001e-01 8.6920293499999995e-02 23
1 1.0861897836262058e-01 8.6956077821352160e-02 1.0862934840000001e-01 8.6920293499999995e-02 23
1 1.0886769313124797e-01 8.7025431341900217e-02 1.0887522221640526e-01 8.6997332392227872e-02 23
1 1.0861409536158097e-01 8.6975783847666202e-02 1.0861615060000000e-01 8.6965835699999994e-02 24
1 1.0861409536158097e-01 8.6975783847666202e-02 1.0861615060000000e-01 8.6965835699999994e-02 24
1 1.0886506353978749e-01 8.7035245118283838e-02 1.0886769313124797e-01 8.7025431341900217e-02 24
1 1.0860750316467327e-01 8.7007692626557859e-02 1.0861409536158097e-01 8.6975783847666202e-02 25
1 1.0860750316467327e-01 8.7007692626557873e-02 1.0861409536158097e-01 8.6975783847666202e-02 25
1 1.0885662910000000e-01 8.7066722900000004e-02 1.0886506353978749e-01 8.7035245118283838e-02 25
1 1.0859509037515404e-01 8.7096064106252938e-02 1.0860176400000000e-01 8.7035472399999994e-02 26
1 1.0859509037515404e-01 8.7096064106252938e-02 1.0860176400000000e-01 8.7035472399999994e-02 26
1 1.0885184249784256e-01 8.7121434063236011e-02 1.0885662910000000e-01 8.7066722900000004e-02 26
1 1.0859366087772548e-01 8.7116298503579132e-02 1.0859397890000000e-01 8.7106155500000004e-02 27
1 1.0859366087772548e-01 8.7116298503579145e-02 1.0859397890000000e-01 8.7106155500000004e-02 27
1 1.0885095763448664e-01 8.7131548106959486e-02 1.0885184249784256e-01 8.7121434063236011e-02 27
1 1.0859296915890476e-01 8.7138360186160974e-02 1.0859366087772548e-01 8.7116298503579132e-02 28
1 1.0859296915890476e-01 8.7138360186160987e-02 1.0859366087772548e-01 8.7116298503579145e-02 28
1 1.0884903300000000e-01 8.7153546799999995e-02 1.0885095763448664e-01 8.7131548106959486e-02 28
1 1.0859249300000000e-01 8.7426545999999994e-02 1.0859249300000000e-01 8.7153546799999995e-02 29
1 1.0859249300000000e-01 8.7426545999999994e-02 1.0859249300000000e-01 8.7153546799999995e-02 29
1 1.0884903300000000e-01 8.7426545999999994e-02 1.0884903300000000e-01 8.7153546799999995e-02 29
1 1.0669888469355414e-01 1.4776474765970815e-01 1.0671098542727081e-01 1.4773150121637527e-01 30
1 1.0695079255445598e-01 1.4785634430744357e-01 1.0696287220000000e-01 1.4782309020000001e-01 30
1 1.0669109794701769e-01 1.4778614153825581e-01 1.0669544654737717e-01 1.4777419387468316e-01 31
1 1.0693803100000000e-01 1.4788651140000000e-01 1.0694324111336427e-01 1.4787494079784336e-01 31
1 1.0671098632282726e-01 1.4764601564414218e-01 1.0669544827884331e-01 1.4760332528247386e-01 32
1 1.0696287220000000e-01 1.4755442420000001e-01 1.0694736040000000e-01 1.4751172430000001e-01 32
1 1.0146550700000000e-01 8.7153546799999995e-02 1.0146550700000000e-01 8.7426545999999994e-02 33
1 1.0120896700000000e-01 8.7153546799999995e-02 1.0120896700000000e-01 8.7426545999999994e-02 33
1 1.0146550700000000e-01 8.7153546799999995e-02 1.0146550700000000e-01 8.7426545999999994e-02 33
1 1.0146433912227451e-01 8.7116298503579145e-02 1.0146503084109523e-01 8.7138360186161001e-02 34
1 1.0120704236551335e-01 8.7131548106959472e-02 1.0120896700000000e-01 8.7153546799999995e-02 34
1 1.0146433912227451e-01 8.7116298503579145e-02 1.0146503084109523e-01 8.7138360186161015e-02 34
1 1.0145623600000001e-01 8.7035472399999994e-02 1.0146290962484597e-01 8.7096064106253007e-02 35
1 1.0120137090000000e-01 8.7066722900000004e-02 1.0120615750215743e-01 8.7121434063235997e-02 35
1 1.0145623600000001e-01 8.7035472399999994e-02 1.0146290962484597e-01 8.7096064106252979e-02 35
1 1.0144390463841906e-01 8.6975783847666271e-02 1.0145049683532674e-01 8.7007692626557859e-02 36
1 1.0119293646021252e-01 8.7035245118283908e-02 1.0120137090000000e-01 8.7066722900000004e-02 36
1 1.0144390463841906e-01 8.6975783847666258e-02 1.0145049683532674e-01 8.7007692626557859e-02 36
1 1.0142865160000000e-01 8.6920293499999995e-02 1.0143902163737945e-01 8.6956077821352173e-02 37
1 1.0118277778359475e-01 8.6997332392227900e-02 1.0119030686875202e-01 8.7025431341900231e-02 37
1 1.0142865160000000e-01 8.6920293499999995e-02 1.0143902163737945e-01 8.6956077821352173e-02 37
1 1.0142348011586205e-01 8.6905892254815764e-02 1.0142865160000000e-01 8.6920293499999995e-02 38
1 1.0117881340000000e-01 8.6982537100000007e-02 1.0118277778359475e-01 8.6997332392227900e-02 38
1 1.0142348011586205e-01 8.6905892254815750e-02 1.0142865160000000e-01 8.6920293499999995e-02 38
1 1.0139383580000000e-01 8.6832132699999995e-02 1.0141262669999999e-01 8.6875668300000000e-02 39
1 1.0116145824430860e-01 8.6945318900393323e-02 1.0117881340000000e-01 8.6982537100000007e-02 39
1 1.0139383580000000e-01 8.6832132699999995e-02 1.0141262669999999e-01 8.6875668300000000e-02 39
1 1.0137235760000000e-01 8.6789861999999995e-02 1.0139383580000000e-01 8.6832132699999995e-02 40
1 1.0114197980000000e-01 8.6903547299999995e-02 1.0116145824430860e-01 8.6945318900393323e-02 40
1 1.0137235760000000e-01 8.6789861999999995e-02 1.0139383580000000e-01 8.6832132699999995e-02 40
1 1.0134212975585252e-01 8.6740392036628006e-02 1.0135616379077510e-01 8.6763359708096524e-02 41
1 1.0112367546016307e-01 8.6877405937635363e-02 1.0114197980000000e-01 8.6903547299999995e-02 41
1 1.0134212975585251e-01 8.6740392036628006e-02 1.0135616379077510e-01 8.6763359708096538e-02 41
1 1.0129692547912399e-01 8.6678773114142585e-02 1.0132167440000001e-01 8.6709765600000002e-02 42
1 1.0109198950000001e-01 8.6832153600000003e-02 1.0111474301169703e-01 8.6864649051878531e-02 42
1 1.0129692547912399e-01 8.6678773114142599e-02 1.0132167440000001e-01 8.6709765600000002e-02 42
1 8.5775545999999994e-02 1.0197757100000000e-01 8.5502546799999996e-02 1.0197757100000000e-01 43
1 8.5775545999999994e-02 1.0172103100000000e-01 8.5502546799999996e-02 1.0172103100000000e-01 43
1 8.5775545999999994e-02 1.0197757100000000e-01 8.5502546799999996e-02 1.0197757100000000e-01 43
1 8.5485201298995395e-02 1.0197673337746331e-01 8.5442146468327929e-02 1.0197465423910511e-01 44
1 8.5502546799999996e-02 1.0172103100000000e-01 8.5459602932081574e-02 1.0171727390183814e-01 44
1 8.5485201298995395e-02 1.0197673337746331e-01 8.5442146468327915e-02 1.0197465423910511e-01 44
1 8.5429646299999995e-02 1.0197405060000000e-01 8.5417263433564566e-02 1.0197224547399072e-01 45
1 8.5429646299999995e-02 1.0197405060000000e-01 8.5417263433564594e-02 1.0197224547399074e-01 45
1 8.5459602932081574e-02 1.0171727390183814e-01 8.5447134979721506e-02 1.0171618309835059e-01 45
1 8.5417263433564566e-02 1.0197224547399072e-01 8.5386065721509224e-02 1.0196769759311398e-01 46
1 8.5417263433564594e-02 1.0197224547399074e-01 8.5386065721509238e-02 1.0196769759311398e-01 46
1 8.5447134979721506e-02 1.0171618309835059e-01 8.5415722900000005e-02 1.0171343490000000e-01 46
1 8.5357423900000007e-02 1.0196352230000000e-01 8.5286550300000000e-02 1.0194608260000000e-01 47
1 8.5357423900000007e-02 1.0196352230000000e-01 8.5286550300000000e-02 1.0194608260000000e-01 47
1 8.5415722900000005e-02 1.0171343490000000e-01 8.5350804116394438e-02 1.0169603997756436e-01 47
1 8.5286550300000000e-02 1.0194608260000000e-01 8.5263342300000003e-02 1.0193875980000000e-01 48
1 8.5286550300000000e-02 1.0194608260000000e-01 8.5263342300000003e-02 1.0193875980000000e-01 48
1 8.5350804116394438e-02 1.0169603997756436e-01 8.5331537099999993e-02 1.0169087740000000e-01 48
1 8.5231179360081830e-02 1.0192628646409689e-01 8.5205026943487638e-02 1.0191614411151073e-01 49
1 8.5231179360081830e-02 1.0192628646409689e-01 8.5205026943487625e-02 1.0191614411151073e-01 49
1 8.5331537099999993e-02 1.0169087740000000e-01 8.5306109993073531e-02 1.0167902052878769e-01 49
1 8.5185892639490265e-02 1.0190782369697558e-01 8.5151478200000005e-02 1.0189118310000000e-01 50
1 8.5185892639490265e-02 1.0190782369697558e-01 8.5151478200000005e-02 1.0189118310000000e-01 50
1 8.5296646204686591e-02 1.0167460748563617e-01 8.5262000294748216e-02 1.0165845180998810e-01 50
1 8.5114353228651379e-02 1.0186939049668262e-01 8.5097560269473543e-02 1.0185953291876151e-01 51
1 8.5114353228651393e-02 1.0186939049668262e-01 8.5097560269473529e-02 1.0185953291876150e-01 51
1 8.5252547299999995e-02 1.0165404380000000e-01 8.5236591883796092e-02 1.0164287172119392e-01 51
1 8.5079965905387536e-02 1.0184823010937492e-01 8.5057256626403191e-02 1.0183231685747686e-01 52
1 8.5079965905387536e-02 1.0184823010937492e-01 8.5057256626403177e-02 1.0183231685747686e-01 52
1 8.5228018646736139e-02 1.0163686868881713e-01 8.5205303691296183e-02 1.0162096353980636e-01 52
1 8.5048679299999999e-02 1.0182630640000000e-01 8.5040615104143194e-02 1.0181962796882167e-01 53
1 8.5048679299999999e-02 1.0182630640000000e-01 8.5040615104143208e-02 1.0181962796882167e-01 53
1 8.5205303691296183e-02 1.0162096353980636e-01 8.5196724220887768e-02 1.0161495614280133e-01 53
1 8.5040615104143194e-02 1.0181962796882167e-01 8.5025979639426444e-02 1.0180750748643144e-01 54
1 8.5040615104143208e-02 1.0181962796882167e-01 8.5025979639426458e-02 1.0180750748643146e-01 54
1 8.5196724220887768e-02 1.0161495614280133e-01 8.5181153600000004e-02 1.0160405350000000e-01 54
1 8.4992466500000002e-02 1.0177975330000000e-01 8.4941001099999996e-02 1.0172800329999999e-01 55
1 8.4992466500000002e-02 1.0177975330000000e-01 8.4941001099999996e-02 1.0172800329999999e-01 55
1 8.5181153600000004e-02 1.0160405350000000e-01 8.5119525299999999e-02 1.0154242519999999e-01 55
1 8.4916097863011922e-02 1.0169815703448712e-01 8.4882123899999995e-02 1.0165743960000000e-01 56
1 8.4916097863011922e-02 1.0169815703448710e-01 8.4882123899999995e-02 1.0165743960000000e-01 56
1 8.5119525299999999e-02 1.0154242519999999e-01 8.5089111689074876e-02 1.0149898996927914e-01 56
1 1.1316546236821891e-01 1.3585180758487339e-01 1.1316520930000000e-01 1.3658988680000000e-01 57
1 1.1342300020000000e-01 1.3585185174000000e-01 1.1342300020000000e-01 1.3658993099877342e-01 57
1 1.0938470711083285e-01 1.5535773665564107e-01 1.0941039590000000e-01 1.5533104319999999e-01 58
1 1.0919576968254632e-01 1.5517686161745367e-01 1.0922422541459437e-01 1.5514840588540563e-01 58
1 1.0916018815477310e-01 1.5521244314522689e-01 1.0917801245581041e-01 1.5519461884418959e-01 59
1 1.0933797280000000e-01 1.5540074330000000e-01 1.0935676989335193e-01 1.5538399212119738e-01 59
1 1.0672367704999999e-01 1.5256032395000002e-01 1.0675513645000000e-01 1.5252886455000000e-01 60
1 1.0692437369999999e-01 1.5276102060000002e-01 1.0695583309999999e-01 1.5272956120000000e-01 60
1 1.2322899029999999e-01 9.1171039400000001e-02 1.2327898890000000e-01 9.1171039400000001e-02 61
1 1.2322899029999999e-01 9.1521000599999999e-02 1.2327898890000000e-01 9.1521000599999999e-02 61
1 1.2217899110000000e-01 9.1171039400000001e-02 1.2222898970000000e-01 9.1171039400000001e-02 62
1 1.2217899110000000e-01 9.1521000599999999e-02 1.2222898970000000e-01 9.1521000599999999e-02 62
1 1.2213413979999999e-01 1.2298199940000000e-01 1.2230100000000001e-01 1.2298199940000000e-01 63
1 1.2213413980000000e-01 1.2312493280000000e-01 1.2230100000000001e-01 1.2312493280000000e-01 63
1 1.2180284819999999e-01 1.2333196060000000e-01 1.2081501109999999e-01 1.2333196060000000e-01 64
1 1.2180284820000001e-01 1.2298199940000000e-01 1.2081501109999999e-01 1.2298199940000000e-01 64
1 1.0941596230000000e-01 9.3937035899999993e-02 1.0961596060000001e-01 9.3937035899999993e-02 65
1 1.0941596230000000e-01 9.4286997100000006e-02 1.0961596060000001e-01 9.4286997100000006e-02 65
1 1.0863049017461400e-01 9.4286997100000006e-02 1.0851596280000000e-01 9.4286997100000006e-02 66
1 1.0863049017461399e-01 9.3937035899999993e-02 1.0851596280000000e-01 9.3937035899999993e-02 66
1 9.9987011099999995e-02 1.0278899940000000e-01 1.0003700970000000e-01 1.0278899940000000e-01 67
1 9.9987011099999995e-02 1.0313896060000000e-01 1.0003700970000000e-01 1.0313896060000000e-01 67
1 9.9094074099999999e-02 1.1401637600000000e-01 9.9094074099999999e-02 1.1323582890000000e-01 68
1 9.9594123899999998e-02 1.1401637600000003e-01 9.9594123899999998e-02 1.1323582890000000e-01 68
1 9.8898075000000002e-02 1.1413582710000000e-01 9.9094074099999999e-02 1.1413582710000000e-01 69
1 9.8898075000000002e-02 1.1463587690000000e-01 9.9094074099999999e-02 1.1463587690000000e-01 69
1 9.8424496603313802e-02 1.1413582710000000e-01 9.8644074999999998e-02 1.1413582710000000e-01 70
1 9.8424496603313802e-02 1.1463587690000000e-01 9.8644074999999998e-02 1.1463587690000000e-01 70
1 9.8194075899999997e-02 1.1413582710000000e-01 9.8362309283810706e-02 1.1413582710000000e-01 71
1 9.8194075899999997e-02 1.1463587690000000e-01 9.8362309283810706e-02 1.1463587690000000e-01 71
1 9.4044046100000001e-02 1.0858595250000000e-01 9.4044046100000001e-02 1.0708595550000000e-01 72
1 9.4414047900000006e-02 1.0858595250000000e-01 9.4414047900000006e-02 1.0708595550000000e-01 72
1 1.0009626160000000e-01 8.6709765600000002e-02 1.0012101052087603e-01 8.6678773114142585e-02 73
1 1.0030319298830298e-01 8.6864649051878545e-02 1.0032594650000000e-01 8.6832153600000003e-02 73
1 1.0007580624414748e-01 8.6740392036628020e-02 1.0008265480000000e-01 8.6729183900000006e-02 74
1 1.0029426053983692e-01 8.6877405937635391e-02 1.0030319298830298e-01 8.6864649051878545e-02 74
1 1.0006177220922491e-01 8.6763359708096538e-02 1.0007580624414748e-01 8.6740392036628020e-02 75
1 1.0027595620000000e-01 8.6903547299999995e-02 1.0029426053983692e-01 8.6877405937635391e-02 75
1 1.0002410019999999e-01 8.6832132699999995e-02 1.0004557840000000e-01 8.6789861999999995e-02 76
1 1.0025647775569137e-01 8.6945318900393379e-02 1.0027595620000000e-01 8.6903547299999995e-02 76
1 1.0000530930000000e-01 8.6875668300000000e-02 1.0002410019999999e-01 8.6832132699999995e-02 77
1 1.0023912259999999e-01 8.6982537100000007e-02 1.0025647775569137e-01 8.6945318900393379e-02 77
1 9.9989284400000003e-02 8.6920293499999995e-02 9.9994455884137926e-02 8.6905892254815834e-02 78
1 1.0023515821640526e-01 8.6997332392227858e-02 1.0023912259999999e-01 8.6982537100000007e-02 78
1 9.9978914362620561e-02 8.6956077821352187e-02 9.9989284400000003e-02 8.6920293499999995e-02 79
1 1.0022762913124797e-01 8.7025431341900231e-02 1.0023515821640526e-01 8.6997332392227858e-02 79
1 9.9974031361580964e-02 8.6975783847666216e-02 9.9976086600000000e-02 8.6965835699999994e-02 80
1 1.0022499953978749e-01 8.7035245118283852e-02 1.0022762913124797e-01 8.7025431341900231e-02 80
1 9.9967439164673266e-02 8.7007692626557873e-02 9.9974031361580964e-02 8.6975783847666216e-02 81
1 1.0021656510000000e-01 8.7066722900000004e-02 1.0022499953978749e-01 8.7035245118283852e-02 81
1 9.9955026375154035e-02 8.7096064106252952e-02 9.9961700000000001e-02 8.7035472399999994e-02 82
1 1.0021177849784256e-01 8.7121434063236025e-02 1.0021656510000000e-01 8.7066722900000004e-02 82
1 9.9953596877725481e-02 8.7116298503579104e-02 9.9953914899999996e-02 8.7106155500000004e-02 83
1 1.0021089363448664e-01 8.7131548106959458e-02 1.0021177849784256e-01 8.7121434063236025e-02 83
1 9.9952905158904759e-02 8.7138360186160987e-02 9.9953596877725481e-02 8.7116298503579104e-02 84
1 1.0020896899999999e-01 8.7153546799999995e-02 1.0021089363448664e-01 8.7131548106959458e-02 84
1 9.9952428999999995e-02 8.7426545999999994e-02 9.9952428999999995e-02 8.7153546799999995e-02 85
1 1.0020896899999999e-01 8.7426545999999994e-02 1.0020896899999999e-01 8.7153546799999995e-02 85
1 8.5502546799999996e-02 1.0046449300000000e-01 8.5775545999999994e-02 1.0046449300000000e-01 86
1 8.5502546799999996e-02 1.0072103300000000e-01 8.5775545999999994e-02 1.0072103300000000e-01 86
1 8.5502546799999996e-02 9.3080967000000001e-02 8.5775545999999994e-02 9.3080967000000001e-02 87
1 8.5502546799999996e-02 9.3337507000000000e-02 8.5775545999999994e-02 9.3337507000000000e-02 87
1 8.5502546799999996e-02 9.1824428999999999e-02 8.5775545999999994e-02 9.1824428999999999e-02 88
1 8.5502546799999996e-02 9.2080968999999999e-02 8.5775545999999994e-02 9.2080968999999999e-02 88
1 8.5502546799999996e-02 1.0072103300000000e-01 8.5459602932081519e-02 1.0072479009816186e-01 89
1 8.5485201298995409e-02 1.0046533062253669e-01 8.5442146468327901e-02 1.0046740976089490e-01 89
1 8.5459602932081574e-02 9.3077209901838140e-02 8.5502546799999996e-02 9.3080967000000001e-02 90
1 8.5442146468327915e-02 9.3334590239105106e-02 8.5485201298995367e-02 9.3336669377463294e-02 90
1 8.5502546799999996e-02 9.2080968999999999e-02 8.5459602932081574e-02 9.2084726098161859e-02 91
1 8.5485201298995395e-02 9.1825266622536691e-02 8.5442146468327915e-02 9.1827345760894893e-02 91
1 8.5417263433564622e-02 1.0046981852600927e-01 8.5429646299999995e-02 1.0046801340000000e-01 92
1 8.5447134979721479e-02 1.0072588090164940e-01 8.5459602932081519e-02 1.0072479009816186e-01 92
1 8.5386065721509280e-02 1.0047436640688601e-01 8.5417263433564622e-02 1.0046981852600927e-01 93
1 8.5415722900000005e-02 1.0072862909999999e-01 8.5447134979721479e-02 1.0072588090164940e-01 93
1 8.5429646299999995e-02 9.3333986600000002e-02 8.5417263433564594e-02 9.3332181473990736e-02 94
1 8.5459602932081574e-02 9.3077209901838140e-02 8.5447134979721506e-02 9.3076119098350590e-02 94
1 8.5417263433564594e-02 9.3332181473990736e-02 8.5386065721509238e-02 9.3327633593113982e-02 95
1 8.5447134979721506e-02 9.3076119098350590e-02 8.5415722900000005e-02 9.3073370899999994e-02 95
1 8.5417263433564608e-02 9.1829754526009263e-02 8.5429646299999995e-02 9.1827949399999997e-02 96
1 8.5447134979721520e-02 9.2085816901649409e-02 8.5459602932081574e-02 9.2084726098161859e-02 96
1 8.5386065721509238e-02 9.1834302406886018e-02 8.5417263433564608e-02 9.1829754526009263e-02 97
1 8.5415722900000005e-02 9.2088565100000006e-02 8.5447134979721520e-02 9.2085816901649409e-02 97
1 8.5286550300000000e-02 1.0049598140000000e-01 8.5357423900000007e-02 1.0047854169999999e-01 98
1 8.5350804116394480e-02 1.0074602402243563e-01 8.5415722900000005e-02 1.0072862909999999e-01 98
1 8.5357423900000007e-02 9.3323458299999995e-02 8.5286550300000000e-02 9.3306018599999999e-02 99
1 8.5415722900000005e-02 9.3073370899999994e-02 8.5350804116394438e-02 9.3055975977564362e-02 99
1 8.5286550300000000e-02 9.1855917400000001e-02 8.5357423900000007e-02 9.1838477700000004e-02 100
1 8.5350804116394438e-02 9.2105960022435637e-02 8.5415722900000005e-02 9.2088565100000006e-02 100
1 8.5263342300000003e-02 1.0050330420000000e-01 8.5286550300000000e-02 1.0049598140000000e-01 101
1 8.5331537099999993e-02 1.0075118660000000e-01 8.5350804116394480e-02 1.0074602402243563e-01 101
1 8.5286550300000000e-02 9.3306018599999999e-02 8.5263342300000003e-02 9.3298695799999998e-02 102
1 8.5350804116394438e-02 9.3055975977564362e-02 8.5331537099999993e-02 9.3050813400000001e-02 102
1 8.5263342300000003e-02 9.1863240200000001e-02 8.5286550300000000e-02 9.1855917400000001e-02 103
1 8.5331537099999993e-02 9.2111122599999998e-02 8.5350804116394438e-02 9.2105960022435637e-02 103
1 8.5205026943487611e-02 1.0052591988848927e-01 8.5231179360081871e-02 1.0051577753590310e-01 104
1 8.5306109993073490e-02 1.0076304347121233e-01 8.5331537099999993e-02 1.0075118660000000e-01 104
1 8.5195293199999994e-02 1.0052969480000000e-01 8.5205026943487611e-02 1.0052591988848927e-01 105
1 8.5296646204686563e-02 1.0076745651436383e-01 8.5306109993073490e-02 1.0076304347121233e-01 105
1 8.5231179360081871e-02 9.3286222464096902e-02 8.5205026943487611e-02 9.3276080111510729e-02 106
1 8.5331537099999993e-02 9.3050813400000001e-02 8.5306109993073531e-02 9.3038956528787686e-02 106
1 8.5205026943487611e-02 9.3276080111510729e-02 8.5195293199999994e-02 9.3272305200000002e-02 107
1 8.5306109993073531e-02 9.3038956528787686e-02 8.5296646204686619e-02 9.3034543485636181e-02 107
1 8.5205026943487625e-02 9.1885855888489271e-02 8.5231179360081857e-02 9.1875713535903097e-02 108
1 8.5306109993073531e-02 9.2122979471212327e-02 8.5331537099999993e-02 9.2111122599999998e-02 108
1 8.5195293199999994e-02 9.1889630799999997e-02 8.5205026943487625e-02 9.1885855888489271e-02 109
1 8.5296646204686591e-02 9.2127392514363832e-02 8.5306109993073531e-02 9.2122979471212327e-02 109
1 8.5151478200000005e-02 1.0055088090000000e-01 8.5185892639490252e-02 1.0053424030302444e-01 110
1 8.5262000294748189e-02 1.0078361219001190e-01 8.5296646204686563e-02 1.0076745651436383e-01 110
1 8.5185892639490293e-02 9.3267759696975594e-02 8.5151478200000005e-02 9.3251119100000002e-02 111
1 8.5296646204686619e-02 9.3034543485636181e-02 8.5262000294748216e-02 9.3018387809988098e-02 111
1 8.5151478200000005e-02 9.1910816899999997e-02 8.5185892639490265e-02 9.1894176303024419e-02 112
1 8.5262000294748216e-02 9.2143548190011901e-02 8.5296646204686591e-02 9.2127392514363832e-02 112
1 8.5097560269473516e-02 1.0058253108123852e-01 8.5114353228651393e-02 1.0057267350331739e-01 113
1 8.5236591883796092e-02 1.0079919227880607e-01 8.5252547299999995e-02 1.0078802019999999e-01 113
1 8.5088537000000006e-02 1.0058782780000000e-01 8.5097560269473516e-02 1.0058253108123852e-01 114
1 8.5228018646736167e-02 1.0080519531118284e-01 8.5236591883796092e-02 1.0079919227880607e-01 114
1 8.5114353228651393e-02 9.3229326496682627e-02 8.5097560269473529e-02 9.3219468918761497e-02 115
1 8.5252547299999995e-02 9.3013979799999993e-02 8.5236591883796092e-02 9.3002807721193917e-02 115
1 8.5097560269473529e-02 9.3219468918761497e-02 8.5088537000000006e-02 9.3214172200000001e-02 116
1 8.5236591883796092e-02 9.3002807721193917e-02 8.5228018646736139e-02 9.2996804688817131e-02 116
1 8.5097560269473585e-02 9.1942467081238474e-02 8.5114353228651407e-02 9.1932609503317372e-02 117
1 8.5236591883796148e-02 9.2159128278806055e-02 8.5252547299999995e-02 9.2147956200000006e-02 117
1 8.5088537000000006e-02 9.1947763799999999e-02 8.5097560269473585e-02 9.1942467081238474e-02 118
1 8.5228018646736153e-02 9.2165131311182869e-02 8.5236591883796148e-02 9.2159128278806055e-02 118
1 8.5057256626403260e-02 1.0060974714252308e-01 8.5079965905387592e-02 1.0059383389062504e-01 119
1 8.5205303691296239e-02 1.0082110046019360e-01 8.5228018646736167e-02 1.0080519531118284e-01 119
1 8.5079965905387522e-02 9.3208166109374907e-02 8.5057256626403205e-02 9.3192252857476870e-02 120
1 8.5228018646736139e-02 9.2996804688817131e-02 8.5205303691296211e-02 9.2980899539806372e-02 120
1 8.5057256626403205e-02 9.1969683142523129e-02 8.5079965905387550e-02 9.1953769890625078e-02 121
1 8.5205303691296197e-02 9.2181036460193627e-02 8.5228018646736153e-02 9.2165131311182869e-02 121
1 8.5040615104143166e-02 1.0062243603117835e-01 8.5048679299999999e-02 1.0061575759999999e-01 122
1 8.5196724220887768e-02 1.0082710785719867e-01 8.5205303691296239e-02 1.0082110046019360e-01 122
1 8.5025979639426444e-02 1.0063455651356856e-01 8.5040615104143166e-02 1.0062243603117835e-01 123
1 8.5181153600000004e-02 1.0083801050000001e-01 8.5196724220887768e-02 1.0082710785719867e-01 123
1 8.5048679299999999e-02 9.3186242399999994e-02 8.5040615104143180e-02 9.3179563968821655e-02 124
1 8.5205303691296211e-02 9.2980899539806372e-02 8.5196724220887754e-02 9.2974892142801316e-02 124
1 8.5040615104143180e-02 9.3179563968821655e-02 8.5025979639426472e-02 9.3167443486431453e-02 125
1 8.5196724220887754e-02 9.2974892142801316e-02 8.5181153600000004e-02 9.2963989499999997e-02 125
1 8.5040615104143236e-02 9.1982372031178303e-02 8.5048679299999999e-02 9.1975693600000005e-02 126
1 8.5196724220887796e-02 9.2187043857198642e-02 8.5205303691296197e-02 9.2181036460193627e-02 126
1 8.5025979639426472e-02 9.1994492513568546e-02 8.5040615104143236e-02 9.1982372031178303e-02 127
1 8.5181153600000004e-02 9.2197946500000003e-02 8.5196724220887796e-02 9.2187043857198642e-02 127
1 8.4941001099999996e-02 1.0071406070000000e-01 8.4992466500000002e-02 1.0066231069999999e-01 128
1 8.5119525299999999e-02 1.0089963880000000e-01 8.5181153600000004e-02 1.0083801050000001e-01 128
1 8.4992466500000002e-02 9.3139689299999995e-02 8.4941001099999996e-02 9.3087939300000005e-02 129
1 8.5181153600000004e-02 9.2963989499999997e-02 8.5119525299999999e-02 9.2902361200000005e-02 129
1 8.4941001099999996e-02 9.2073996699999994e-02 8.4992466500000002e-02 9.2022246700000004e-02 130
1 8.5119525299999999e-02 9.2259574799999994e-02 8.5181153600000004e-02 9.2197946500000003e-02 130
1 8.4882123899999995e-02 1.0078462439999999e-01 8.4916097863011908e-02 1.0074390696551290e-01 131
1 8.5089111689074889e-02 1.0094307403072085e-01 8.5119525299999999e-02 1.0089963880000000e-01 131
1 8.4916097863011922e-02 9.3058093034487102e-02 8.4882123899999995e-02 9.3017375599999993e-02 132
1 8.5119525299999999e-02 9.2902361200000005e-02 8.5089111689074889e-02 9.2858925969279152e-02 132
1 8.4882123899999995e-02 9.2144560400000006e-02 8.4916097863011908e-02 9.2103842965512911e-02 133
1 8.5089111689074876e-02 9.2303010030720847e-02 8.5119525299999999e-02 9.2259574799999994e-02 133
1 1.1661094530000000e-01 1.2738843200000000e-01 1.1666358555016272e-01 1.2746165034170778e-01 134
1 1.1639115967496155e-01 1.2754078974968666e-01 1.1644127383742896e-01 1.2761579088891237e-01 134
1 1.1654987479341590e-01 1.2813728446204994e-01 1.1655923060896202e-01 1.2809024965393107e-01 135
1 1.1681660410000000e-01 1.2818291360000000e-01 1.1682342140000000e-01 1.2813549430000001e-01 135
1 1.1653307875793888e-01 1.2822172373962287e-01 1.1654987479341590e-01 1.2813728446204994e-01 136
1 1.1679624340000000e-01 1.2827651260000000e-01 1.1681660410000000e-01 1.2818291360000000e-01 136
1 1.1655829685183464e-01 1.2793705603726174e-01 1.1654849776949007e-01 1.2788779277896578e-01 137
1 1.1682272800000000e-01 1.2789084400000000e-01 1.1681524770000000e-01 1.2784121500000001e-01 137
1 1.1654849776949007e-01 1.2788779277896578e-01 1.1653712439114475e-01 1.2783061500910717e-01 138
1 1.1681524770000000e-01 1.2784121500000001e-01 1.1679941589999999e-01 1.2776762859999999e-01 138
1 1.1653712439114475e-01 1.2783061500910717e-01 1.1652731230788160e-01 1.2778128639085329e-01 139
1 1.1679941589999999e-01 1.2776762859999999e-01 1.1678582179999999e-01 1.2771931780000001e-01 139
1 1.1644245697338212e-01 1.2841443842312286e-01 1.1646908950154244e-01 1.2837458003072164e-01 140
1 1.1667075470000000e-01 1.2856017719999999e-01 1.1669568990000000e-01 1.2851927050000000e-01 140
1 1.1641153233167564e-01 1.2846072041695328e-01 1.1644245697338212e-01 1.2841443842312286e-01 141
1 1.1662977690000000e-01 1.2861919669999999e-01 1.1667075470000000e-01 1.2856017719999999e-01 141
1 1.1638485914708908e-01 1.2850063965599215e-01 1.1641153233167564e-01 1.2846072041695328e-01 142
1 1.1660016300000001e-01 1.2865685469999999e-01 1.1662977690000000e-01 1.2861919669999999e-01 142
1 1.1646917266803618e-01 1.2765754443672367e-01 1.1644692379191492e-01 1.2762424664277827e-01 143
1 1.1669568990000000e-01 1.2751272950000000e-01 1.1667482005793599e-01 1.2747857771837223e-01 143
1 1.1644692379191492e-01 1.2762424664277827e-01 1.1644127383742896e-01 1.2761579088891237e-01 144
1 1.1666952030000000e-01 1.2746990510000000e-01 1.1666358555016272e-01 1.2746165034170778e-01 144
1 1.1631504579638251e-01 1.2858561400636204e-01 1.1635432990000000e-01 1.2854632990000001e-01 145
1 1.1649746199711500e-01 1.2876599980000000e-01 1.1653630395283410e-01 1.2872628091438651e-01 145
1 1.1574974123009373e-01 1.2728077120431994e-01 1.1570270981609300e-01 1.2729012634473327e-01 146
1 1.1570450570000000e-01 1.2701657860000001e-01 1.1565708640000000e-01 1.2702339590000000e-01 146
1 1.1556348740000000e-01 1.2704375660000000e-01 1.1565708640000000e-01 1.2702339590000000e-01 147
1 1.1561827575689151e-01 1.2730692134221064e-01 1.1570270981609300e-01 1.2729012634473327e-01 147
1 1.1527982280000000e-01 1.2716924530000001e-01 1.1532072950000000e-01 1.2714431009999999e-01 148
1 1.1542556157687714e-01 1.2739754302661788e-01 1.1546541996927842e-01 1.2737091049845753e-01 148
1 1.1522080329999999e-01 1.2721022309999999e-01 1.1527982280000000e-01 1.2716924530000001e-01 149
1 1.1537927958304674e-01 1.2742846766832436e-01 1.1542556157687714e-01 1.2739754302661788e-01 149
1 1.1518314530000000e-01 1.2723983699999999e-01 1.1522080329999999e-01 1.2721022309999999e-01 150
1 1.1533936034400789e-01 1.2745514085291090e-01 1.1537927958304674e-01 1.2742846766832436e-01 150
1 1.1492299979999999e-01 1.3703299999999999e-01 1.1492299979999999e-01 1.3011006900122657e-01 151
1 1.1517841700666467e-01 1.3703304378938119e-01 1.1518079069999999e-01 1.3011011319999999e-01 151
1 1.1489887479341591e-01 1.3715428446204991e-01 1.1490823060896202e-01 1.3710724965393106e-01 152
1 1.1516560410000000e-01 1.3719991360000000e-01 1.1517242140000000e-01 1.3715249430000001e-01 152
1 1.1488207875793889e-01 1.3723872373962284e-01 1.1489887479341591e-01 1.3715428446204991e-01 153
1 1.1514524340000000e-01 1.3729351260000000e-01 1.1516560410000000e-01 1.3719991360000000e-01 153
1 1.1479145697338207e-01 1.3743143842312294e-01 1.1481808950154242e-01 1.3739158003072166e-01 154
1 1.1501975470000000e-01 1.3757717720000001e-01 1.1504468990000000e-01 1.3753627050000000e-01 154
1 1.1476053233167569e-01 1.3747772041695322e-01 1.1479145697338207e-01 1.3743143842312294e-01 155
1 1.1497877690000000e-01 1.3763619669999999e-01 1.1501975470000000e-01 1.3757717720000001e-01 155
1 1.1473385914708911e-01 1.3751763965599212e-01 1.1476053233167569e-01 1.3747772041695322e-01 156
1 1.1494916299999999e-01 1.3767385469999999e-01 1.1497877690000000e-01 1.3763619669999999e-01 156
1 1.1489340438914769e-01 1.2752474421085230e-01 1.1511307430000002e-01 1.2730507429999999e-01 157
1 1.1507400018914767e-01 1.2770534001085232e-01 1.1529367010000000e-01 1.2748567010000000e-01 157
1 1.1346207430000001e-01 1.2895607430000000e-01 1.1368174413147418e-01 1.2873640446852583e-01 158
1 1.1364267010000000e-01 1.2913667009999999e-01 1.1386233993147417e-01 1.2891700026852582e-01 158
1 1.1488395193727148e-01 1.3774391376844283e-01 1.1466432852156812e-01 1.3796363003019940e-01 159
1 1.1470332990000000e-01 1.3756332990000000e-01 1.1448366005794408e-01 1.3778299974478189e-01 159
1 1.1336722310000000e-01 1.2906380330000000e-01 1.1339683700000000e-01 1.2902614530000001e-01 160
1 1.1358546766832432e-01 1.2922227958304675e-01 1.1361214085291090e-01 1.2918236034400785e-01 160
1 1.1332624530000000e-01 1.2912282280000001e-01 1.1336722310000000e-01 1.2906380330000000e-01 161
1 1.1355454302661787e-01 1.2926856157687713e-01 1.1358546766832432e-01 1.2922227958304675e-01 161
1 1.1330131010000000e-01 1.2916372949999999e-01 1.1332624530000000e-01 1.2912282280000001e-01 162
1 1.1352791049845752e-01 1.2930841996927842e-01 1.1355454302661787e-01 1.2926856157687713e-01 162
1 1.1318039589999999e-01 1.2950008639999999e-01 1.1320075659999999e-01 1.2940648739999999e-01 163
1 1.1344712520658409e-01 1.2954571553795002e-01 1.1346392124206110e-01 1.2946127626037715e-01 163
1 1.1317357860000000e-01 1.2954750570000001e-01 1.1318039589999999e-01 1.2950008639999999e-01 164
1 1.1343776939103799e-01 1.2959275034606887e-01 1.1344712520658409e-01 1.2954571553795002e-01 164
1 1.1316546236821891e-01 1.3585180758487339e-01 1.1316555665882738e-01 1.3557680688113571e-01 165
1 1.1342300020000000e-01 1.3585185174000000e-01 1.1342300020000000e-01 1.3557685101999997e-01 165
1 1.0994584310000000e-01 1.5764732760000000e-01 1.0996193150000000e-01 1.5763123920000000e-01 166
1 1.1016664280000001e-01 1.5786812720000001e-01 1.1018273110000000e-01 1.5785203889999999e-01 166
1 1.0998199999999995e-01 1.4264793801157005e-01 1.0990891611307597e-01 1.4272105279479183e-01 167
1 1.0980034171657184e-01 1.4246631814427146e-01 1.0972724238157913e-01 1.4253941748017129e-01 167
1 1.0980034171657184e-01 1.4246631814427146e-01 1.0998199999999995e-01 1.4228465985858907e-01 168
1 1.0998199999999995e-01 1.4264793801157005e-01 1.1016361987393877e-01 1.4246624135761929e-01 168
1 1.0930972014308472e-01 1.5496164814288677e-01 1.0931654964309738e-01 1.5493616010561798e-01 169
1 1.0956407765010998e-01 1.5502034689251240e-01 1.0956910010000000e-01 1.5499445000000001e-01 169
1 1.0930350092866932e-01 1.5498485856363625e-01 1.0930972014308472e-01 1.5496164814288677e-01 170
1 1.0955952430000000e-01 1.5504382500000000e-01 1.0956407765010998e-01 1.5502034689251240e-01 170
1 1.0929824977023034e-01 1.5500445615083139e-01 1.0930350092866932e-01 1.5498485856363625e-01 171
1 1.0955237573446500e-01 1.5507141853306400e-01 1.0955952430000000e-01 1.5504382500000000e-01 171
1 1.0917801245581041e-01 1.5519461884418959e-01 1.0918559490989704e-01 1.5518703639010295e-01 172
1 1.0935676989335193e-01 1.5538399212119738e-01 1.0936476617309411e-01 1.5537686617309415e-01 172
1 1.0914217690000000e-01 1.5551212480000001e-01 1.0910818268610815e-01 1.5552288417666721e-01 173
1 1.0906904923823668e-01 1.5526171186044105e-01 1.0902777363636269e-01 1.5527277162626563e-01 173
1 1.0901082847032262e-01 1.5527731207049303e-01 1.0902777363636269e-01 1.5527277162626563e-01 174
1 1.0909422680000000e-01 1.5552730130000000e-01 1.0910818268610815e-01 1.5552288417666721e-01 174
1 1.0896217412699305e-01 1.5529034896442412e-01 1.0901082847032262e-01 1.5527731207049303e-01 175
1 1.0902047540000000e-01 1.5554307470000001e-01 1.0906985040000000e-01 1.5553349890000001e-01 175
1 1.0880095839999999e-01 1.5553984130000001e-01 1.0875413350000000e-01 1.5552940700000001e-01 176
1 1.0886389850028029e-01 1.5528327056522170e-01 1.0881753358993518e-01 1.5527084712931236e-01 176
1 1.0875413350000000e-01 1.5552940700000001e-01 1.0870819510000000e-01 1.5551557920000000e-01 177
1 1.0881753358993518e-01 1.5527084712931236e-01 1.0878060790368210e-01 1.5526095292498499e-01 177
1 1.0865764366405481e-01 1.4112502214016462e-01 1.0873996640054238e-01 1.4104266460164491e-01 178
1 1.0883900000000002e-01 1.4130634015688481e-01 1.0892134014205587e-01 1.4122400001380717e-01 178
1 1.0848500020000000e-01 1.4129773858944369e-01 1.0865764366405481e-01 1.4112502214016462e-01 179
1 1.0866632004605914e-01 1.4147902011296856e-01 1.0883900000000002e-01 1.4130634015688481e-01 179
1 1.0692199980000000e-01 1.5081152460000000e-01 1.0692199980000000e-01 1.5069499959999999e-01 180
1 1.0717745363054487e-01 1.5081166645679764e-01 1.0717758319264829e-01 1.5069499959999999e-01 180
1 1.0692199980000000e-01 1.5069499959999999e-01 1.0692199980000000e-01 1.5049500000000007e-01 181
1 1.0717758319264829e-01 1.5069499959999999e-01 1.0717780529830513e-01 1.5049500000000007e-01 181
1 1.0692199980000000e-01 1.5049500000000007e-01 1.0692199980000000e-01 1.4983237978934802e-01 182
1 1.0717780529830513e-01 1.5049500000000007e-01 1.0717854100000000e-01 1.4983252229999999e-01 182
1 1.0692199980000000e-01 1.4878489930000000e-01 1.0691907553818507e-01 1.4877019805961292e-01 183
1 1.0718029110000001e-01 1.4874406370000001e-01 1.0717660560000000e-01 1.4872254479999999e-01 183
1 1.0690273509999999e-01 1.4575416869999999e-01 1.0690237377292233e-01 1.4622855843097821e-01 184
1 1.0664494419999999e-01 1.4575407050528308e-01 1.0664494419999999e-01 1.4622846040000004e-01 184
1 1.0690228287615532e-01 1.4634789765439762e-01 1.0690213589948794e-01 1.4654086470836930e-01 185
1 1.0664494419999999e-01 1.4634779966461015e-01 1.0664494419999999e-01 1.4654076678518568e-01 185
1 1.0690213589948794e-01 1.4654086470836930e-01 1.0690204962072937e-01 1.4665414090491022e-01 186
1 1.0664494419999999e-01 1.4654076678518568e-01 1.0664494419999999e-01 1.4665404302082463e-01 186
1 1.0690204962072937e-01 1.4665414090491022e-01 1.0690204016381435e-01 1.4666655697789821e-01 187
1 1.0664494419999999e-01 1.4665404302082463e-01 1.0664494419999999e-01 1.4666645909809811e-01 187
1 1.0689787479341591e-01 1.5093280906204998e-01 1.0690723060896203e-01 1.5088577425393110e-01 188
1 1.0716460410000000e-01 1.5097843820000001e-01 1.0717142139999999e-01 1.5093101889999999e-01 188
1 1.0689486372162552e-01 1.5094794672516390e-01 1.0689787479341591e-01 1.5093280906204998e-01 189
1 1.0715926114290368e-01 1.5100299999999997e-01 1.0716460410000000e-01 1.5097843820000001e-01 189
1 1.0688107889602219e-01 1.5101724764543201e-01 1.0689486372162552e-01 1.5094794672516390e-01 190
1 1.0714424340000001e-01 1.5107203720000001e-01 1.0715926114290368e-01 1.5100299999999997e-01 190
1 1.0518399246272442e-01 1.4460014183156125e-01 1.0540361587837489e-01 1.4438042556985761e-01 191
1 1.0536461450000000e-01 1.4478072570000000e-01 1.0558428434205591e-01 1.4456105585521811e-01 191
1 1.0682076405824789e-01 1.5224472713977030e-01 1.0680692938825798e-01 1.5219309555244215e-01 192
1 1.0708109389999999e-01 1.5217953049999999e-01 1.0706896607692799e-01 1.5212748762264899e-01 192
1 1.0679045693382259e-01 1.5120996312812238e-01 1.0681708945426606e-01 1.5117010473088902e-01 193
1 1.0701875470000000e-01 1.5135570190000000e-01 1.0704368990000000e-01 1.5131479519999999e-01 193
1 1.0675953234686697e-01 1.5125624505903357e-01 1.0679045693382259e-01 1.5120996312812238e-01 194
1 1.0697777690000000e-01 1.5141472130000000e-01 1.0701875470000000e-01 1.5135570190000000e-01 194
1 1.0673285916957161e-01 1.5129616430356663e-01 1.0675953234686697e-01 1.5125624505903357e-01 195
1 1.0694816300000000e-01 1.5145237930000000e-01 1.0697777690000000e-01 1.5141472130000000e-01 195
1 1.0678241049999999e-01 1.5210159000000001e-01 1.0675364392073571e-01 1.5206410065445902e-01 196
1 1.0699190950000000e-01 1.5195228940000000e-01 1.0696425140000000e-01 1.5191172310000001e-01 196
1 1.0675364392073571e-01 1.5206410065445902e-01 1.0672968893088200e-01 1.5203288189591962e-01 197
1 1.0696425140000000e-01 1.5191172310000001e-01 1.0693363929999999e-01 1.5187333610000001e-01 197
1 1.0669291542939539e-01 1.5259108557060461e-01 1.0672367704999999e-01 1.5256032395000002e-01 198
1 1.0689361207939539e-01 1.5279178222060463e-01 1.0692437369999999e-01 1.5276102060000002e-01 198
1 1.0667540655913745e-01 1.5260859444086255e-01 1.0669291542939539e-01 1.5259108557060461e-01 199
1 1.0687610320913744e-01 1.5280929109086258e-01 1.0689361207939539e-01 1.5279178222060463e-01 199
1 1.0665741513157341e-01 1.5262658586842659e-01 1.0667540655913745e-01 1.5260859444086255e-01 200
1 1.0685811178157341e-01 1.5282728251842662e-01 1.0687610320913744e-01 1.5280929109086258e-01 200
1 1.0671884299999999e-01 1.5201874720000000e-01 1.0670043881462690e-01 1.5200034301462689e-01 201
1 1.0690024340000000e-01 1.5183734679999999e-01 1.0688217450712550e-01 1.5181895641987209e-01 201
1 1.0665498180000001e-01 1.5138920270000000e-01 1.0670232990000000e-01 1.5134185459999999e-01 202
1 1.0683709474589421e-01 1.5156970799065286e-01 1.0688402171870652e-01 1.5152194092807897e-01 202
1 1.0664494419999999e-01 1.4724796692276801e-01 1.0664494419999999e-01 1.4668500000000004e-01 203
1 1.0690159724855569e-01 1.4724806460185691e-01 1.0690202604182319e-01 1.4668509787340062e-01 203
1 1.0664494419999999e-01 1.4634779966461015e-01 1.0664494419999999e-01 1.4622846040000004e-01 204
1 1.0690228287615532e-01 1.4634789765439762e-01 1.0690237377292233e-01 1.4622855843097821e-01 204
1 1.0656257650000001e-01 1.5266767460000000e-01 1.0661107929869286e-01 1.5265467832821142e-01 205
1 1.0664246002614540e-01 1.5292398548091468e-01 1.0668974850000000e-01 1.5290711350000000e-01 205
1 1.0648794962855465e-01 1.5268767079887152e-01 1.0653946260000000e-01 1.5267386790000001e-01 206
1 1.0655378230000000e-01 1.5294747920000001e-01 1.0660564925668622e-01 1.5293508990292953e-01 206
1 1.0631446350000000e-01 1.5294678330000000e-01 1.0627663573134125e-01 1.5293818897620706e-01 207
1 1.0637893418380581e-01 1.5268629996601979e-01 1.0634144712048757e-01 1.5267625534121412e-01 207
1 1.0627663573134125e-01 1.5293818897620706e-01 1.0626679280000000e-01 1.5293595269999999e-01 208
1 1.0634144712048757e-01 1.5267625534121412e-01 1.0633169284199033e-01 1.5267364169108841e-01 208
1 1.0625714322890080e-01 1.5293298949384498e-01 1.0622005930000000e-01 1.5292160169999999e-01 209
1 1.0633169284199033e-01 1.5267364169108841e-01 1.0629420651575353e-01 1.5266359726378306e-01 209
1 1.0541119890000000e-01 1.5202141050000001e-01 1.0536979180000000e-01 1.5197398610000001e-01 210
1 1.0561421424163339e-01 1.5184763765774420e-01 1.0557374316255531e-01 1.5179940615177814e-01 210
1 1.0536979180000000e-01 1.5197398610000001e-01 1.0535556530000000e-01 1.5195513929999999e-01 211
1 1.0557374316255531e-01 1.5179940615177814e-01 1.0556470509068884e-01 1.5178863500786305e-01 211
1 1.0516545900000000e-01 1.4968085889999999e-01 1.0516545900000000e-01 1.4962888702116001e-01 212
1 1.0542200020000000e-01 1.4968085889999999e-01 1.0542200020000000e-01 1.4962888702116001e-01 212
1 1.0498293992723924e-01 1.5003900019999999e-01 1.0490009762543370e-01 1.5003900019999999e-01 213
1 1.0498267949943488e-01 1.4978262374163120e-01 1.0489983744410920e-01 1.4978279195921618e-01 213
1 1.0514494469814574e-01 1.4844856666014769e-01 1.0514494469864438e-01 1.4846450738377925e-01 214
1 1.0488965188708377e-01 1.4844857099544825e-01 1.0488965242798320e-01 1.4846451171906971e-01 214
1 1.0514494467382254e-01 1.4767100588420654e-01 1.0514494469738334e-01 1.4842419429232753e-01 215
1 1.0488962550294963e-01 1.4767101021999998e-01 1.0488965106008240e-01 1.4842419862764356e-01 215
1 1.0508916750000000e-01 1.4470785890000001e-01 1.0511878140000000e-01 1.4467020089999999e-01 216
1 1.0530741206832435e-01 1.4486633518304673e-01 1.0533408525291094e-01 1.4482641594400780e-01 216
1 1.0509243400000000e-01 1.4911537870000000e-01 1.0506316050000000e-01 1.4907463960000000e-01 217
1 1.0531372630662818e-01 1.4896201404174114e-01 1.0529054718104172e-01 1.4892732403118036e-01 217
1 1.0504818970000000e-01 1.4476687839999999e-01 1.0508916750000000e-01 1.4470785890000001e-01 218
1 1.0527648742661792e-01 1.4491261717687706e-01 1.0530741206832435e-01 1.4486633518304673e-01 218
1 1.0506316050000000e-01 1.4907463960000000e-01 1.0502314530000000e-01 1.4901092369999999e-01 219
1 1.0529054718104172e-01 1.4892732403118036e-01 1.0524873699948596e-01 1.4886475067679270e-01 219
1 1.0502325450000000e-01 1.4480778510000000e-01 1.0504818970000000e-01 1.4476687839999999e-01 220
1 1.0524985489845753e-01 1.4495247556927840e-01 1.0527648742661792e-01 1.4491261717687706e-01 220
1 1.0487710438631315e-01 1.4978283812055376e-01 1.0489983744410920e-01 1.4978279195921618e-01 221
1 1.0487736450000000e-01 1.5003900019999999e-01 1.0490009762543370e-01 1.5003900019999999e-01 221
1 1.0493308450000000e-01 1.4880440650000001e-01 1.0491950310000001e-01 1.4875611350000001e-01 222
1 1.0519161154683902e-01 1.4874245392938018e-01 1.0518180357920077e-01 1.4869314591537827e-01 222
1 1.0491950310000001e-01 1.4875611350000001e-01 1.0490834490000001e-01 1.4870720320000000e-01 223
1 1.0518180357920077e-01 1.4869314591537827e-01 1.0517499658926772e-01 1.4865892484458060e-01 223
1 1.0490234040000000e-01 1.4514414200000000e-01 1.0492270099999999e-01 1.4505054300000000e-01 224
1 1.0516906955473372e-01 1.4518977139861919e-01 1.0518586566874003e-01 1.4510533172625334e-01 224
1 1.0490834490000001e-01 1.4870720320000000e-01 1.0489620880000000e-01 1.4863294890000001e-01 225
1 1.0517499658926772e-01 1.4865892484458060e-01 1.0516031297810749e-01 1.4858510529996222e-01 225
1 1.0489552300000000e-01 1.4519156129999999e-01 1.0490234040000000e-01 1.4514414200000000e-01 226
1 1.0515971373715424e-01 1.4523680621696042e-01 1.0516906955473372e-01 1.4518977139861919e-01 226
1 1.0488962550294963e-01 1.4767101021999998e-01 1.0488961701879594e-01 1.4742097566948698e-01 227
1 1.0514494467382254e-01 1.4767100588420654e-01 1.0514494466600112e-01 1.4742097133399978e-01 227
1 1.0488961701879594e-01 1.4742097566948698e-01 1.0488954542529297e-01 1.4531105993707458e-01 228
1 1.0514494466600112e-01 1.4742097133399978e-01 1.0514494460000000e-01 1.4531105559999999e-01 228
