UNITS=MM
#Layer_Color=32896
#
#Feature symbol names
#
$0 r80.01
$1 r254

#
#Feature attribute names
#

#
#Layer features
#
A 103.56298566 143.28779826 103.87281486 142.97796906 103.87281486 143.28779826 1 P 0 N
A 103.60403206 141.07500106 103.67403446 141.00499866 103.67403446 141.07500106 0 P 0 N
A 103.67403446 141.54500266 103.60403206 141.47500026 103.67403446 141.47500026 0 P 0 N
A 103.85803206 141.96400106 103.92803446 141.89399866 103.92803446 141.96400106 0 P 0 N
A 103.87281486 144.39762586 103.56298566 144.08777126 103.87281486 144.08779666 1 P 0 N
A 103.92803446 142.43400266 103.85803206 142.36400026 103.92803446 142.36400026 0 P 0 N
A 104.45404306 141.00499866 104.52404546 141.07500106 104.45404306 141.07500106 0 P 0 N
A 104.52404546 141.47500026 104.45404306 141.54500266 104.45404306 141.47500026 0 P 0 N
A 104.70804306 141.89399866 104.77804546 141.96400106 104.70804306 141.96400106 0 P 0 N
A 104.77804546 142.36400026 104.70804306 142.43400266 104.70804306 142.36400026 0 P 0 N
A 105.02643206 140.82100106 105.09643446 140.75099866 105.09643446 140.82100106 0 P 0 N
A 105.09643446 141.29100266 105.02643206 141.22100026 105.09643446 141.22100026 0 P 0 N
A 105.12803206 145.52000106 105.19803446 145.44999866 105.19803446 145.52000106 0 P 0 N
A 105.19803446 145.99000266 105.12803206 145.92000026 105.19803446 145.92000026 0 P 0 N
A 105.87644306 140.75099866 105.94644546 140.82100106 105.87644306 140.82100106 0 P 0 N
A 105.94644546 141.22100026 105.87644306 141.29100266 105.87644306 141.22100026 0 P 0 N
A 105.97804306 145.44999866 106.04804546 145.52000106 105.97804306 145.52000106 0 P 0 N
A 106.03311026 142.97842626 106.34291406 143.28825546 106.03308486 143.28825546 1 P 0 N
A 106.04804546 145.92000026 105.97804306 145.99000266 105.97804306 145.92000026 0 P 0 N
A 106.07999866 143.55195826 106.15000106 143.48195586 106.15000106 143.55195826 0 P 0 N
A 106.14403206 141.20200106 106.21403446 141.13199866 106.21403446 141.20200106 0 P 0 N
A 106.15000106 144.40196926 106.07999866 144.33196686 106.15000106 144.33196686 0 P 0 N
A 106.21403446 141.67200266 106.14403206 141.60200026 106.21403446 141.60200026 0 P 0 N
A 106.34291406 144.08822846 106.03311026 144.39810846 106.03308486 144.08827926 1 P 0 N
A 106.55000026 143.48195586 106.62000266 143.55195826 106.55000026 143.55195826 0 P 0 N
A 106.58799866 143.04403446 106.65800106 142.97403206 106.65800106 143.04403446 0 P 0 N
A 106.62000266 144.33196686 106.55000026 144.40196926 106.55000026 144.33196686 0 P 0 N
A 106.65800106 143.89404546 106.58799866 143.82404306 106.65800106 143.82404306 0 P 0 N
A 106.99404306 141.13199866 107.06404546 141.20200106 106.99404306 141.20200106 0 P 0 N
A 107.05800026 142.97403206 107.12800266 143.04403446 107.05800026 143.04403446 0 P 0 N
A 107.06404546 141.60200026 106.99404306 141.67200266 106.99404306 141.60200026 0 P 0 N
A 107.12800266 143.82404306 107.05800026 143.89404546 107.05800026 143.82404306 0 P 0 N
A 107.16003206 145.52000106 107.23003446 145.44999866 107.23003446 145.52000106 0 P 0 N
A 107.23003446 145.99000266 107.16003206 145.92000026 107.23003446 145.92000026 0 P 0 N
A 107.41395586 142.34500106 107.48395826 142.27499866 107.48395826 142.34500106 0 P 0 N
A 107.48395826 142.81500266 107.41395586 142.74500026 107.48395826 142.74500026 0 P 0 N
A 107.66803206 142.98000106 107.73803446 142.90999866 107.73803446 142.98000106 0 P 0 N
A 107.73803446 143.45000266 107.66803206 143.38000026 107.73803446 143.38000026 0 P 0 N
A 107.79503206 143.86900106 107.86503446 143.79899866 107.86503446 143.86900106 0 P 0 N
A 107.86503446 144.33900266 107.79503206 144.26900026 107.86503446 144.26900026 0 P 0 N
A 108.01004306 145.44999866 108.08004546 145.52000106 108.01004306 145.52000106 0 P 0 N
A 108.04903206 140.56700106 108.11903446 140.49699866 108.11903446 140.56700106 0 P 0 N
A 108.08004546 145.92000026 108.01004306 145.99000266 108.01004306 145.92000026 0 P 0 N
A 108.11903446 141.03700266 108.04903206 140.96700026 108.11903446 140.96700026 0 P 0 N
A 108.26396686 142.27499866 108.33396926 142.34500106 108.26396686 142.34500106 0 P 0 N
A 108.30303206 141.45600106 108.37303446 141.38599866 108.37303446 141.45600106 0 P 0 N
A 108.33396926 142.74500026 108.26396686 142.81500266 108.26396686 142.74500026 0 P 0 N
A 108.37303446 141.92600266 108.30303206 141.85600026 108.37303446 141.85600026 0 P 0 N
A 108.51804306 142.90999866 108.58804546 142.98000106 108.51804306 142.98000106 0 P 0 N
A 108.58804546 143.38000026 108.51804306 143.45000266 108.51804306 143.38000026 0 P 0 N
A 108.64504306 143.79899866 108.71504546 143.86900106 108.64504306 143.86900106 0 P 0 N
A 108.68395586 142.72600106 108.75395826 142.65599866 108.75395826 142.72600106 0 P 0 N
A 108.68403206 146.28200106 108.75403446 146.21199866 108.75403446 146.28200106 0 P 0 N
A 108.71504546 144.26900026 108.64504306 144.33900266 108.64504306 144.26900026 0 P 0 N
A 108.75395826 143.19600266 108.68395586 143.12600026 108.75395826 143.12600026 0 P 0 N
A 108.75403446 146.75200266 108.68403206 146.68200026 108.75403446 146.68200026 0 P 0 N
A 108.89904306 140.49699866 108.96904546 140.56700106 108.89904306 140.56700106 0 P 0 N
A 108.93803206 144.88500106 109.00803446 144.81499866 109.00803446 144.88500106 0 P 0 N
A 108.96904546 140.96700026 108.89904306 141.03700266 108.89904306 140.96700026 0 P 0 N
A 109.00803446 145.35500266 108.93803206 145.28500026 109.00803446 145.28500026 0 P 0 N
A 109.15304306 141.38599866 109.22304546 141.45600106 109.15304306 141.45600106 0 P 0 N
A 109.22304546 141.85600026 109.15304306 141.92600266 109.15304306 141.85600026 0 P 0 N
A 109.44595586 140.31300106 109.51595826 140.24299866 109.51595826 140.31300106 0 P 0 N
A 109.51595826 140.78300266 109.44595586 140.71300026 109.51595826 140.71300026 0 P 0 N
A 109.53396686 142.65599866 109.60396926 142.72600106 109.53396686 142.72600106 0 P 0 N
A 109.53404306 146.21199866 109.60404546 146.28200106 109.53404306 146.28200106 0 P 0 N
A 109.60396926 143.12600026 109.53396686 143.19600266 109.53396686 143.12600026 0 P 0 N
A 109.60404546 146.68200026 109.53404306 146.75200266 109.53404306 146.68200026 0 P 0 N
A 109.78804306 144.81499866 109.85804546 144.88500106 109.78804306 144.88500106 0 P 0 N
A 109.85804546 145.28500026 109.78804306 145.35500266 109.78804306 145.28500026 0 P 0 N
A 109.95403206 143.61500106 110.02403446 143.54499866 110.02403446 143.61500106 0 P 0 N
A 110.01699866 141.52003446 110.08700106 141.45003206 110.08700106 141.52003446 0 P 0 N
A 110.02403446 144.08500266 109.95403206 144.01500026 110.02403446 144.01500026 0 P 0 N
A 110.08700106 142.37004546 110.01699866 142.30004306 110.08700106 142.30004306 0 P 0 N
A 110.16698566 146.84379826 110.47681486 146.53396906 110.47681486 146.84379826 1 P 0 N
A 110.20803206 144.25000106 110.27803446 144.17999866 110.27803446 144.25000106 0 P 0 N
A 110.27803446 144.72000266 110.20803206 144.65000026 110.27803446 144.65000026 0 P 0 N
A 110.29596686 140.24299866 110.36596926 140.31300106 110.29596686 140.31300106 0 P 0 N
A 110.36596926 140.71300026 110.29596686 140.78300266 110.29596686 140.71300026 0 P 0 N
A 110.47681486 147.95362586 110.16698566 147.64377126 110.47681486 147.64379666 1 P 0 N
A 110.48700026 141.45003206 110.55700266 141.52003446 110.48700026 141.52003446 0 P 0 N
A 110.55700266 142.30004306 110.48700026 142.37004546 110.48700026 142.30004306 0 P 0 N
A 110.80404306 143.54499866 110.87404546 143.61500106 110.80404306 143.61500106 0 P 0 N
A 110.84295586 142.72600106 110.91295826 142.65599866 110.91295826 142.72600106 0 P 0 N
A 110.87404546 144.01500026 110.80404306 144.08500266 110.80404306 144.01500026 0 P 0 N
A 110.91295826 143.19600266 110.84295586 143.12600026 110.91295826 143.12600026 0 P 0 N
A 111.05804306 144.17999866 111.12804546 144.25000106 111.05804306 144.25000106 0 P 0 N
A 111.12804546 144.65000026 111.05804306 144.72000266 111.05804306 144.65000026 0 P 0 N
A 111.48242626 143.75089106 111.79225546 143.44108726 111.79225546 143.75091646 1 P 0 N
A 111.69296686 142.65599866 111.76296926 142.72600106 111.69296686 142.72600106 0 P 0 N
A 111.76296926 143.12600026 111.69296686 143.19600266 111.69296686 143.12600026 0 P 0 N
A 111.79179826 146.22101566 111.48196906 145.91118646 111.79179826 145.91118646 1 P 0 N
A 112.59222846 143.44108726 112.90210846 143.75089106 112.59227926 143.75091646 1 P 0 N
A 112.63711026 146.53442626 112.94691406 146.84425546 112.63708486 146.84425546 1 P 0 N
A 112.90162586 145.91118646 112.59177126 146.22101566 112.59179666 145.91118646 1 P 0 N
A 112.94691406 147.64422846 112.63711026 147.95410846 112.63708486 147.64427926 1 P 0 N
L 103.56298566 143.28774746 103.56298566 144.08777126 1 P 0
L 103.60403206 141.07500106 103.60403206 141.47500026 0 P 0
L 103.67403446 141.00499866 103.71398866 141.00499866 0 P 0
L 103.67403446 141.54500266 103.71398866 141.54500266 0 P 0
L 103.71398866 141.00499866 103.96402626 141.00499866 0 P 0
L 103.71398866 141.54500266 103.96402626 141.54500266 0 P 0
L 103.85803206 141.96400106 103.85803206 142.36400026 0 P 0
L 103.87276406 142.97796906 104.67273706 142.97796906 1 P 0
L 103.87276406 144.39762586 104.67273706 144.39762586 1 P 0
L 103.92803446 141.89399866 103.96798866 141.89399866 0 P 0
L 103.92803446 142.43400266 103.96798866 142.43400266 0 P 0
L 103.96798866 141.89399866 104.21802626 141.89399866 0 P 0
L 103.96798866 142.43400266 104.21802626 142.43400266 0 P 0
L 104.16407666 141.00499866 104.41401266 141.00499866 0 P 0
L 104.16407666 141.54500266 104.41401266 141.54500266 0 P 0
L 104.41401266 141.00499866 104.45404306 141.00499866 0 P 0
L 104.41401266 141.54500266 104.45404306 141.54500266 0 P 0
L 104.41807666 141.89399866 104.66801266 141.89399866 0 P 0
L 104.41807666 142.43400266 104.66801266 142.43400266 0 P 0
L 104.52404546 141.07500106 104.52404546 141.47500026 0 P 0
L 104.66801266 141.89399866 104.70804306 141.89399866 0 P 0
L 104.66801266 142.43400266 104.70804306 142.43400266 0 P 0
L 104.77804546 141.96400106 104.77804546 142.36400026 0 P 0
L 105.02643206 140.82100106 105.02643206 141.22100026 0 P 0
L 105.09643446 140.75099866 105.13638866 140.75099866 0 P 0
L 105.09643446 141.29100266 105.13638866 141.29100266 0 P 0
L 105.12803206 145.52000106 105.12803206 145.92000026 0 P 0
L 105.13638866 140.75099866 105.38642626 140.75099866 0 P 0
L 105.13638866 141.29100266 105.38642626 141.29100266 0 P 0
L 105.19803446 145.44999866 105.23798866 145.44999866 0 P 0
L 105.19803446 145.99000266 105.23798866 145.99000266 0 P 0
L 105.23318806 142.97842626 106.03316106 142.97842626 1 P 0
L 105.23318806 144.39810846 106.03316106 144.39810846 1 P 0
L 105.23798866 145.44999866 105.48802626 145.44999866 0 P 0
L 105.23798866 145.99000266 105.48802626 145.99000266 0 P 0
L 105.58647666 140.75099866 105.83641266 140.75099866 0 P 0
L 105.58647666 141.29100266 105.83641266 141.29100266 0 P 0
L 105.68807666 145.44999866 105.93801266 145.44999866 0 P 0
L 105.68807666 145.99000266 105.93801266 145.99000266 0 P 0
L 105.83641266 140.75099866 105.87644306 140.75099866 0 P 0
L 105.83641266 141.29100266 105.87644306 141.29100266 0 P 0
L 105.93801266 145.44999866 105.97804306 145.44999866 0 P 0
L 105.93801266 145.99000266 105.97804306 145.99000266 0 P 0
L 105.94644546 140.82100106 105.94644546 141.22100026 0 P 0
L 106.04804546 145.52000106 106.04804546 145.92000026 0 P 0
L 106.07999866 143.55195826 106.07999866 143.59198866 0 P 0
L 106.07999866 143.59198866 106.07999866 143.84192466 0 P 0
L 106.07999866 144.04197506 106.07999866 144.29201266 0 P 0
L 106.07999866 144.29201266 106.07999866 144.33196686 0 P 0
L 106.14403206 141.20200106 106.14403206 141.60200026 0 P 0
L 106.15000106 143.48195586 106.55000026 143.48195586 0 P 0
L 106.15000106 144.40196926 106.55000026 144.40196926 0 P 0
L 106.21403446 141.13199866 106.25398866 141.13199866 0 P 0
L 106.21403446 141.67200266 106.25398866 141.67200266 0 P 0
L 106.25398866 141.13199866 106.50402626 141.13199866 0 P 0
L 106.25398866 141.67200266 106.50402626 141.67200266 0 P 0
L 106.34291406 143.28825546 106.34291406 144.08830466 1 P 0
L 106.58799866 143.04403446 106.58799866 143.08398866 0 P 0
L 106.58799866 143.08398866 106.58799866 143.33402626 0 P 0
L 106.58799866 143.53407666 106.58799866 143.78401266 0 P 0
L 106.58799866 143.78401266 106.58799866 143.82404306 0 P 0
L 106.62000266 143.55195826 106.62000266 143.59198866 0 P 0
L 106.62000266 143.59198866 106.62000266 143.84192466 0 P 0
L 106.62000266 144.04197506 106.62000266 144.29201266 0 P 0
L 106.62000266 144.29201266 106.62000266 144.33196686 0 P 0
L 106.65800106 142.97403206 107.05800026 142.97403206 0 P 0
L 106.65800106 143.89404546 107.05800026 143.89404546 0 P 0
L 106.70407666 141.13199866 106.95401266 141.13199866 0 P 0
L 106.70407666 141.67200266 106.95401266 141.67200266 0 P 0
L 106.95401266 141.13199866 106.99404306 141.13199866 0 P 0
L 106.95401266 141.67200266 106.99404306 141.67200266 0 P 0
L 107.06404546 141.20200106 107.06404546 141.60200026 0 P 0
L 107.12800266 143.04403446 107.12800266 143.08398866 0 P 0
L 107.12800266 143.08398866 107.12800266 143.33402626 0 P 0
L 107.12800266 143.53407666 107.12800266 143.78401266 0 P 0
L 107.12800266 143.78401266 107.12800266 143.82404306 0 P 0
L 107.16003206 145.52000106 107.16003206 145.92000026 0 P 0
L 107.23003446 145.44999866 107.26998866 145.44999866 0 P 0
L 107.23003446 145.99000266 107.26998866 145.99000266 0 P 0
L 107.26998866 145.44999866 107.52002626 145.44999866 0 P 0
L 107.26998866 145.99000266 107.52002626 145.99000266 0 P 0
L 107.41395586 142.34500106 107.41395586 142.74500026 0 P 0
L 107.48395826 142.27499866 107.52398866 142.27499866 0 P 0
L 107.48395826 142.81500266 107.52398866 142.81500266 0 P 0
L 107.52398866 142.27499866 107.77392466 142.27499866 0 P 0
L 107.52398866 142.81500266 107.77392466 142.81500266 0 P 0
L 107.66803206 142.98000106 107.66803206 143.38000026 0 P 0
L 107.72007666 145.44999866 107.97001266 145.44999866 0 P 0
L 107.72007666 145.99000266 107.97001266 145.99000266 0 P 0
L 107.73803446 142.90999866 107.77798866 142.90999866 0 P 0
L 107.73803446 143.45000266 107.77798866 143.45000266 0 P 0
L 107.77798866 142.90999866 108.02802626 142.90999866 0 P 0
L 107.77798866 143.45000266 108.02802626 143.45000266 0 P 0
L 107.79503206 143.86900106 107.79503206 144.26900026 0 P 0
L 107.86503446 143.79899866 107.90498866 143.79899866 0 P 0
L 107.86503446 144.33900266 107.90498866 144.33900266 0 P 0
L 107.90498866 143.79899866 108.15502626 143.79899866 0 P 0
L 107.90498866 144.33900266 108.15502626 144.33900266 0 P 0
L 107.97001266 145.44999866 108.01004306 145.44999866 0 P 0
L 107.97001266 145.99000266 108.01004306 145.99000266 0 P 0
L 107.97397506 142.27499866 108.22401266 142.27499866 0 P 0
L 107.97397506 142.81500266 108.22401266 142.81500266 0 P 0
L 108.04903206 140.56700106 108.04903206 140.96700026 0 P 0
L 108.08004546 145.52000106 108.08004546 145.92000026 0 P 0
L 108.11903446 140.49699866 108.15898866 140.49699866 0 P 0
L 108.11903446 141.03700266 108.15898866 141.03700266 0 P 0
L 108.15898866 140.49699866 108.40902626 140.49699866 0 P 0
L 108.15898866 141.03700266 108.40902626 141.03700266 0 P 0
L 108.22401266 142.27499866 108.26396686 142.27499866 0 P 0
L 108.22401266 142.81500266 108.26396686 142.81500266 0 P 0
L 108.22807666 142.90999866 108.47801266 142.90999866 0 P 0
L 108.22807666 143.45000266 108.47801266 143.45000266 0 P 0
L 108.30303206 141.45600106 108.30303206 141.85600026 0 P 0
L 108.33396926 142.34500106 108.33396926 142.74500026 0 P 0
L 108.35507666 143.79899866 108.60501266 143.79899866 0 P 0
L 108.35507666 144.33900266 108.60501266 144.33900266 0 P 0
L 108.37303446 141.38599866 108.41298866 141.38599866 0 P 0
L 108.37303446 141.92600266 108.41298866 141.92600266 0 P 0
L 108.41298866 141.38599866 108.66302626 141.38599866 0 P 0
L 108.41298866 141.92600266 108.66302626 141.92600266 0 P 0
L 108.47801266 142.90999866 108.51804306 142.90999866 0 P 0
L 108.47801266 143.45000266 108.51804306 143.45000266 0 P 0
L 108.58804546 142.98000106 108.58804546 143.38000026 0 P 0
L 108.60501266 143.79899866 108.64504306 143.79899866 0 P 0
L 108.60501266 144.33900266 108.64504306 144.33900266 0 P 0
L 108.60907666 140.49699866 108.85901266 140.49699866 0 P 0
L 108.60907666 141.03700266 108.85901266 141.03700266 0 P 0
L 108.68395586 142.72600106 108.68395586 143.12600026 0 P 0
L 108.68403206 146.28200106 108.68403206 146.68200026 0 P 0
L 108.71504546 143.86900106 108.71504546 144.26900026 0 P 0
L 108.75395826 142.65599866 108.79398866 142.65599866 0 P 0
L 108.75395826 143.19600266 108.79398866 143.19600266 0 P 0
L 108.75403446 146.21199866 108.79398866 146.21199866 0 P 0
L 108.75403446 146.75200266 108.79398866 146.75200266 0 P 0
L 108.79398866 142.65599866 109.04392466 142.65599866 0 P 0
L 108.79398866 143.19600266 109.04392466 143.19600266 0 P 0
L 108.79398866 146.21199866 109.04402626 146.21199866 0 P 0
L 108.79398866 146.75200266 109.04402626 146.75200266 0 P 0
L 108.85901266 140.49699866 108.89904306 140.49699866 0 P 0
L 108.85901266 141.03700266 108.89904306 141.03700266 0 P 0
L 108.86307666 141.38599866 109.11301266 141.38599866 0 P 0
L 108.86307666 141.92600266 109.11301266 141.92600266 0 P 0
L 108.93803206 144.88500106 108.93803206 145.28500026 0 P 0
L 108.96904546 140.56700106 108.96904546 140.96700026 0 P 0
L 109.00803446 144.81499866 109.04798866 144.81499866 0 P 0
L 109.00803446 145.35500266 109.04798866 145.35500266 0 P 0
L 109.04798866 144.81499866 109.29802626 144.81499866 0 P 0
L 109.04798866 145.35500266 109.29802626 145.35500266 0 P 0
L 109.11301266 141.38599866 109.15304306 141.38599866 0 P 0
L 109.11301266 141.92600266 109.15304306 141.92600266 0 P 0
L 109.22304546 141.45600106 109.22304546 141.85600026 0 P 0
L 109.24397506 142.65599866 109.49401266 142.65599866 0 P 0
L 109.24397506 143.19600266 109.49401266 143.19600266 0 P 0
L 109.24407666 146.21199866 109.49401266 146.21199866 0 P 0
L 109.24407666 146.75200266 109.49401266 146.75200266 0 P 0
L 109.44595586 140.31300106 109.44595586 140.71300026 0 P 0
L 109.49401266 142.65599866 109.53396686 142.65599866 0 P 0
L 109.49401266 143.19600266 109.53396686 143.19600266 0 P 0
L 109.49401266 146.21199866 109.53404306 146.21199866 0 P 0
L 109.49401266 146.75200266 109.53404306 146.75200266 0 P 0
L 109.49807666 144.81499866 109.74801266 144.81499866 0 P 0
L 109.49807666 145.35500266 109.74801266 145.35500266 0 P 0
L 109.51595826 140.24299866 109.55598866 140.24299866 0 P 0
L 109.51595826 140.78300266 109.55598866 140.78300266 0 P 0
L 109.55598866 140.24299866 109.80592466 140.24299866 0 P 0
L 109.55598866 140.78300266 109.80592466 140.78300266 0 P 0
L 109.60396926 142.72600106 109.60396926 143.12600026 0 P 0
L 109.60404546 146.28200106 109.60404546 146.68200026 0 P 0
L 109.74801266 144.81499866 109.78804306 144.81499866 0 P 0
L 109.74801266 145.35500266 109.78804306 145.35500266 0 P 0
L 109.85804546 144.88500106 109.85804546 145.28500026 0 P 0
L 109.95403206 143.61500106 109.95403206 144.01500026 0 P 0
L 110.00597506 140.24299866 110.25601266 140.24299866 0 P 0
L 110.00597506 140.78300266 110.25601266 140.78300266 0 P 0
L 110.01699866 141.52003446 110.01699866 141.55998866 0 P 0
L 110.01699866 141.55998866 110.01699866 141.81002626 0 P 0
L 110.01699866 142.01007666 110.01699866 142.26001266 0 P 0
L 110.01699866 142.26001266 110.01699866 142.30004306 0 P 0
L 110.02403446 143.54499866 110.06398866 143.54499866 0 P 0
L 110.02403446 144.08500266 110.06398866 144.08500266 0 P 0
L 110.06398866 143.54499866 110.31402626 143.54499866 0 P 0
L 110.06398866 144.08500266 110.31402626 144.08500266 0 P 0
L 110.08700106 141.45003206 110.48700026 141.45003206 0 P 0
L 110.08700106 142.37004546 110.48700026 142.37004546 0 P 0
L 110.16698566 146.84374746 110.16698566 147.64377126 1 P 0
L 110.20803206 144.25000106 110.20803206 144.65000026 0 P 0
L 110.25601266 140.24299866 110.29596686 140.24299866 0 P 0
L 110.25601266 140.78300266 110.29596686 140.78300266 0 P 0
L 110.27803446 144.17999866 110.31798866 144.17999866 0 P 0
L 110.27803446 144.72000266 110.31798866 144.72000266 0 P 0
L 110.31798866 144.17999866 110.56802626 144.17999866 0 P 0
L 110.31798866 144.72000266 110.56802626 144.72000266 0 P 0
L 110.36596926 140.31300106 110.36596926 140.71300026 0 P 0
L 110.47676406 146.53396906 111.27673706 146.53396906 1 P 0
L 110.47676406 147.95362586 111.27673706 147.95362586 1 P 0
L 110.51407666 143.54499866 110.76401266 143.54499866 0 P 0
L 110.51407666 144.08500266 110.76401266 144.08500266 0 P 0
L 110.55700266 141.52003446 110.55700266 141.55998866 0 P 0
L 110.55700266 141.55998866 110.55700266 141.81002626 0 P 0
L 110.55700266 142.01007666 110.55700266 142.26001266 0 P 0
L 110.55700266 142.26001266 110.55700266 142.30004306 0 P 0
L 110.76401266 143.54499866 110.80404306 143.54499866 0 P 0
L 110.76401266 144.08500266 110.80404306 144.08500266 0 P 0
L 110.76807666 144.17999866 111.01801266 144.17999866 0 P 0
L 110.76807666 144.72000266 111.01801266 144.72000266 0 P 0
L 110.84295586 142.72600106 110.84295586 143.12600026 0 P 0
L 110.87404546 143.61500106 110.87404546 144.01500026 0 P 0
L 110.91295826 142.65599866 110.95298866 142.65599866 0 P 0
L 110.91295826 143.19600266 110.95298866 143.19600266 0 P 0
L 110.95298866 142.65599866 111.20292466 142.65599866 0 P 0
L 110.95298866 143.19600266 111.20292466 143.19600266 0 P 0
L 111.01801266 144.17999866 111.05804306 144.17999866 0 P 0
L 111.01801266 144.72000266 111.05804306 144.72000266 0 P 0
L 111.12804546 144.25000106 111.12804546 144.65000026 0 P 0
L 111.40297506 142.65599866 111.65301266 142.65599866 0 P 0
L 111.40297506 143.19600266 111.65301266 143.19600266 0 P 0
L 111.48196906 145.11126426 111.48196906 145.91123726 1 P 0
L 111.48242626 143.75084026 111.48242626 144.55081326 1 P 0
L 111.65301266 142.65599866 111.69296686 142.65599866 0 P 0
L 111.65301266 143.19600266 111.69296686 143.19600266 0 P 0
L 111.76296926 142.72600106 111.76296926 143.12600026 0 P 0
L 111.79174746 146.22101566 112.59177126 146.22101566 1 P 0
L 111.79225546 143.44108726 112.59230466 143.44108726 1 P 0
L 111.83718806 146.53442626 112.63716106 146.53442626 1 P 0
L 111.83718806 147.95410846 112.63716106 147.95410846 1 P 0
L 112.90162586 145.11126426 112.90162586 145.91123726 1 P 0
L 112.90210846 143.75084026 112.90210846 144.55081326 1 P 0
L 112.94691406 146.84425546 112.94691406 147.64430466 1 P 0
