1 1.1458274439999999e-01 1.2783540420000003e-01 1.1507082946424731e-01 1.2734731913575270e-01 1
1 1.1600597849939287e-01 1.2925815334982990e-01 1.1649746199711500e-01 1.2876599980000000e-01 1
1 1.0690213568099893e-01 1.4654115036790863e-01 1.0690204940210711e-01 1.4665442656715605e-01 2
1 1.0488958715219263e-01 1.4654078384201460e-01 1.0488959099587339e-01 1.4665406007763673e-01 2
1 1.0690196498113819e-01 1.4676526348559454e-01 1.0690195524770181e-01 1.4677804258665555e-01 3
1 1.0488959475678464e-01 1.4676489703166667e-01 1.0488959519040428e-01 1.4677767613683126e-01 3
1 1.0690193679173796e-01 1.4680227355895692e-01 1.0690192329597530e-01 1.4681999224619702e-01 4
1 1.0488959601260808e-01 1.4680190711691357e-01 1.0488959661383745e-01 1.4681962580984342e-01 4
1 1.0690189111326674e-01 1.4686224516379137e-01 1.0690187999846069e-01 1.4687683787537992e-01 5
1 1.0488959804756075e-01 1.4686187874100584e-01 1.0488959854271970e-01 1.4687647145728033e-01 5
1 1.0690185984768794e-01 1.4690329397492213e-01 1.0690184878047333e-01 1.4691782420335017e-01 6
1 1.0488959944042639e-01 1.4690292756530382e-01 1.0488959993346517e-01 1.4691745779838994e-01 6
1 1.0690184878047333e-01 1.4691782420335017e-01 1.0690184089315799e-01 1.4692817951837206e-01 7
1 1.0488959993346517e-01 1.4691745779838994e-01 1.0488960028484105e-01 1.4692781311673150e-01 7
1 1.0690184089315799e-01 1.4692817951837206e-01 1.0690181027172513e-01 1.4696838262546938e-01 8
1 1.0488960028484105e-01 1.4692781311673150e-01 1.0488960164901032e-01 1.4696801623671707e-01 8
1 1.0690181027172513e-01 1.4696838262546938e-01 1.0690165044952195e-01 1.4717821438556331e-01 9
1 1.0488960164901032e-01 1.4696801623671707e-01 1.0488960876900820e-01 1.4717784806407858e-01 9
1 1.0488959375619526e-01 1.4673540889118580e-01 1.0488959475678464e-01 1.4676489703166667e-01 10
1 1.0690198744131325e-01 1.4673577535458274e-01 1.0690196498113819e-01 1.4676526348559454e-01 10
1 1.0488959289567237e-01 1.4671004861828829e-01 1.0488959375619526e-01 1.4673540889118580e-01 11
1 1.0690200675742338e-01 1.4671041508982882e-01 1.0690198744131325e-01 1.4673577535458274e-01 11
1 1.0488959204630330e-01 1.4668501705680764e-01 1.0488959289567237e-01 1.4671004861828829e-01 12
1 1.0690202582316452e-01 1.4668538353638619e-01 1.0690200675742338e-01 1.4671041508982882e-01 12
1 1.0488959099587339e-01 1.4665406007763673e-01 1.0488959141717480e-01 1.4666647615490844e-01 13
1 1.0690204940210711e-01 1.4665442656715605e-01 1.0690203994517750e-01 1.4666684264044075e-01 13
1 1.0488959944042639e-01 1.4690292756530382e-01 1.0488959854271970e-01 1.4687647145728033e-01 14
1 1.0690185984768794e-01 1.4690329397492213e-01 1.0690187999846069e-01 1.4687683787537992e-01 14
1 1.0488958715219263e-01 1.4654078384201460e-01 1.0488958452827170e-01 1.4646345486926607e-01 15
1 1.0690213568099893e-01 1.4654115036790863e-01 1.0690219458000841e-01 1.4646382141999162e-01 15
1 1.0488958452827170e-01 1.4646345486926607e-01 1.0488958129099750e-01 1.4636804990244762e-01 16
1 1.0690219458000841e-01 1.4646382141999162e-01 1.0690226724702126e-01 1.4636841635796258e-01 16
1 1.0548986010000000e-01 1.0079502320000000e-01 1.0548986010000000e-01 1.0210800000000002e-01 17
1 1.0574640010000000e-01 1.0079502320000000e-01 1.0574640010000000e-01 1.0210800000000002e-01 17
1 1.0548986010000000e-01 9.9995024799999999e-02 1.0548986010000000e-01 1.0079502320000000e-01 18
1 1.0574640010000000e-01 9.9995024799999999e-02 1.0574640010000000e-01 1.0079502320000000e-01 18
1 1.0548986010000000e-01 9.8994976000000012e-02 1.0548986010000000e-01 9.9995024799999999e-02 19
1 1.0574640010000000e-01 9.8994976000000012e-02 1.0574640010000000e-01 9.9995024799999999e-02 19
1 1.0548986010000000e-01 9.7587003200000008e-02 1.0548986010000000e-01 9.8994976000000012e-02 20
1 1.0574640010000000e-01 9.7587003199999994e-02 1.0574640010000000e-01 9.8994976000000012e-02 20
1 1.0548986010000000e-01 9.6571140400000005e-02 1.0548986010000000e-01 9.6718224100000000e-02 21
1 1.0574640010000000e-01 9.6571140400000005e-02 1.0574640010000000e-01 9.6722996800000002e-02 21
1 1.0548986010000000e-01 9.2853459200000016e-02 1.0548986010000000e-01 9.4088206499999993e-02 22
1 1.0574640010000000e-01 9.2853459200000016e-02 1.0574640010000000e-01 9.4088206499999993e-02 22
1 1.0548986010000000e-01 9.1870715399999997e-02 1.0548986010000000e-01 9.2853459200000016e-02 23
1 1.0574640010000000e-01 9.1870715399999997e-02 1.0574640010000000e-01 9.2853459200000016e-02 23
1 1.3716793750000000e-01 1.5843810070000000e-01 1.3716793750000000e-01 1.5713810330000000e-01 24
1 1.3746803850000000e-01 1.5843810070000000e-01 1.3746803850000000e-01 1.5713810330000000e-01 24
1 1.3009905399999999e-01 1.4624989799999999e-01 1.3009905399999999e-01 1.4585389930000001e-01 25
1 1.3026790050000001e-01 1.4624989799999999e-01 1.3026790050000001e-01 1.4585389930000001e-01 25
1 1.3009905399999999e-01 1.4585389930000001e-01 1.3009905399999999e-01 1.4581717596163732e-01 26
1 1.3026790050000001e-01 1.4585389930000001e-01 1.3026987179999999e-01 1.4582256610000000e-01 26
1 1.2996805350000001e-01 1.4685174338000004e-01 1.2996805350000001e-01 1.4675389749999998e-01 27
1 1.3026790050000001e-01 1.4685174338000001e-01 1.3026790050000001e-01 1.4675389750000001e-01 27
1 1.2996805350000001e-01 1.4675389749999998e-01 1.2996805350000001e-01 1.4643350359999999e-01 28
1 1.3026790050000001e-01 1.4675389750000001e-01 1.3026790050000001e-01 1.4643350359999996e-01 28
1 1.2597900889999999e-01 9.2970997700000002e-02 1.2597900889999999e-01 9.2470960599999999e-02 29
1 1.2630299859999999e-01 9.2970997700000002e-02 1.2630299859999999e-01 9.2470960600000013e-02 29
1 1.2487901110000001e-01 9.2120999400000000e-02 1.2597900889999999e-01 9.2120999400000000e-02 30
1 1.2487901110000001e-01 9.2470960599999999e-02 1.2597900889999999e-01 9.2470960599999999e-02 30
1 1.2204075410000000e-01 1.0379728290000000e-01 1.2217033480000000e-01 1.0379728290000000e-01 31
1 1.2204075410000000e-01 1.0391892860000000e-01 1.2217033480000002e-01 1.0391892860000000e-01 31
1 1.2213413979999999e-01 1.2298199940000000e-01 1.2230100000000001e-01 1.2298199940000000e-01 32
1 1.2213413980000000e-01 1.2312493280000000e-01 1.2230100000000001e-01 1.2312493280000000e-01 32
1 1.2180284819999999e-01 1.2333196060000000e-01 1.2081501109999999e-01 1.2333196060000000e-01 33
1 1.2180284820000001e-01 1.2298199940000000e-01 1.2081501109999999e-01 1.2298199940000000e-01 33
1 1.2178675410000001e-01 1.0391892860000000e-01 1.2166233479999999e-01 1.0391892860000000e-01 34
1 1.2178675410000001e-01 1.0379728290000000e-01 1.2166233479999999e-01 1.0379728290000000e-01 34
1 1.1864783269999998e-01 1.2298199940000000e-01 1.1921498890000000e-01 1.2298199940000000e-01 35
1 1.1864783270000000e-01 1.2333196060000000e-01 1.1921498890000000e-01 1.2333196060000000e-01 35
1 1.1847703000000000e-01 1.2324400040000000e-01 1.1811499110000000e-01 1.2324400040000000e-01 36
1 1.1847703000000000e-01 1.2298199940000000e-01 1.1811499110000000e-01 1.2298199940000000e-01 36
1 1.1121598280000000e-01 9.4886995900000007e-02 1.1231598060000000e-01 9.4886995900000007e-02 37
1 1.1121598280000000e-01 9.5236957100000005e-02 1.1231598060000000e-01 9.5236957100000005e-02 37
1 9.0134348342354301e-02 9.9601045400000005e-02 9.1202459200000002e-02 9.9601045400000005e-02 38
1 9.0134348342354301e-02 9.9801146600000001e-02 9.1202459200000002e-02 9.9801146600000001e-02 38
1 9.0052448800000004e-02 9.9601045400000005e-02 9.0102589531662003e-02 9.9601045400000005e-02 39
1 9.0052448800000004e-02 9.9801146600000001e-02 9.0102589531661989e-02 9.9801146600000001e-02 39
1 9.9952428999999995e-02 8.7426545999999994e-02 9.9952428999999995e-02 8.7153546799999995e-02 40
1 1.0020896899999999e-01 8.7426545999999994e-02 1.0020896899999999e-01 8.7153546799999995e-02 40
1 8.5502546799999996e-02 1.0046449300000000e-01 8.5775545999999994e-02 1.0046449300000000e-01 41
1 8.5502546799999996e-02 1.0072103300000000e-01 8.5775545999999994e-02 1.0072103300000000e-01 41
1 8.5502546799999996e-02 9.3080967000000001e-02 8.5775545999999994e-02 9.3080967000000001e-02 42
1 8.5502546799999996e-02 9.3337507000000000e-02 8.5775545999999994e-02 9.3337507000000000e-02 42
1 8.5502546799999996e-02 9.1824428999999999e-02 8.5775545999999994e-02 9.1824428999999999e-02 43
1 8.5502546799999996e-02 9.2080968999999999e-02 8.5775545999999994e-02 9.2080968999999999e-02 43
1 1.0818243840009487e-01 1.5413202330504402e-01 1.0834255449999999e-01 1.5413202349999999e-01 44
1 1.0818243800561141e-01 1.5438856352557254e-01 1.0834255410551638e-01 1.5438856382303956e-01 44
1 1.0818243800561141e-01 1.5438856352557254e-01 1.0812017683473911e-01 1.5438856340990245e-01 45
1 1.0818243840009487e-01 1.5413202330504402e-01 1.0812017722922249e-01 1.5413202322923536e-01 45
1 1.0808243315529817e-01 1.5413202318327851e-01 1.0812017722922249e-01 1.5413202322923536e-01 46
1 1.0808243296710447e-01 1.5438856333978110e-01 1.0812017683473911e-01 1.5438856340990245e-01 46
1 1.0753851243373699e-01 1.5438856232927400e-01 1.0752398635634920e-01 1.5438856230228620e-01 47
1 1.0753851282822832e-01 1.5413202252100586e-01 1.0752398675084052e-01 1.5413202250331903e-01 47
1 1.0752398635634920e-01 1.5438856230228620e-01 1.0746110062256820e-01 1.5438856218545161e-01 48
1 1.0752398675084052e-01 1.5413202250331903e-01 1.0746110101705948e-01 1.5413202242674989e-01 48
1 1.0746110062256820e-01 1.5438856218545161e-01 1.0743913110550873e-01 1.5438856214463473e-01 49
1 1.0746110101705948e-01 1.5413202242674989e-01 1.0743913150000001e-01 1.5413202240000001e-01 49
1 1.0709203379626350e-01 1.5438856149976715e-01 1.0704399451461406e-01 1.5438856141051557e-01 50
1 1.0709203417034800e-01 1.5413202198241879e-01 1.0704399488869852e-01 1.5413202193156911e-01 50
1 1.0704399451461406e-01 1.5438856141051557e-01 1.0701861483461193e-01 1.5438856136336299e-01 51
1 1.0704399488869852e-01 1.5413202193156911e-01 1.0701861520869638e-01 1.5413202190470465e-01 51
1 1.0698610537461414e-01 1.5438856130296411e-01 1.0693399951370808e-01 1.5438856120615732e-01 52
1 1.0698610574869856e-01 1.5413202187029332e-01 1.0693399988779245e-01 1.5413202181513916e-01 52
1 1.0709203417034800e-01 1.5413202198241879e-01 1.0710864370000001e-01 1.5413202200000001e-01 53
1 1.0709203379626350e-01 1.5438856149976715e-01 1.0710864332591549e-01 1.5438856153062577e-01 53
1 1.0700267162868550e-01 1.5413202188782835e-01 1.0701861520869638e-01 1.5413202190470465e-01 54
1 1.0700267125460107e-01 1.5438856133374163e-01 1.0701861483461193e-01 1.5438856136336299e-01 54
1 1.0698610574869856e-01 1.5413202187029332e-01 1.0700267162868550e-01 1.5413202188782835e-01 55
1 1.0698610537461414e-01 1.5438856130296411e-01 1.0700267125460107e-01 1.5438856133374163e-01 55
1 1.0688610700214093e-01 1.5413202176444443e-01 1.0693399988779245e-01 1.5413202181513916e-01 56
1 1.0688610662805660e-01 1.5438856111717775e-01 1.0693399951370808e-01 1.5438856120615732e-01 56
1 1.0672099846039944e-01 1.5413202158967668e-01 1.0673339626039949e-01 1.5413202160279976e-01 57
1 1.0672099808631534e-01 1.5438856081042474e-01 1.0673339588631538e-01 1.5438856083345845e-01 57
1 1.0688610662805660e-01 1.5438856111717775e-01 1.0682400528631956e-01 1.5438856100180048e-01 58
1 1.0688610700214093e-01 1.5413202176444443e-01 1.0682400566040380e-01 1.5413202169871001e-01 58
1 1.0682400528631956e-01 1.5438856100180048e-01 1.0680701271746375e-01 1.5438856097023021e-01 59
1 1.0682400566040380e-01 1.5413202169871001e-01 1.0680701309154797e-01 1.5413202168072335e-01 59
1 1.0680701271746375e-01 1.5438856097023021e-01 1.0673339588631538e-01 1.5438856083345845e-01 60
1 1.0680701309154797e-01 1.5413202168072335e-01 1.0673339626039949e-01 1.5413202160279976e-01 60
1 1.0672099808631534e-01 1.5438856081042474e-01 1.0662956835060704e-01 1.5438856064055861e-01 61
1 1.0672099846039944e-01 1.5413202158967668e-01 1.0662956872469100e-01 1.5413202149289809e-01 61
1 1.0662956835060704e-01 1.5438856064055861e-01 1.0660747512116647e-01 1.5438856059951189e-01 62
1 1.0662956872469100e-01 1.5413202149289809e-01 1.0660747549525040e-01 1.5413202146951235e-01 62
1 1.0644106864533383e-01 1.5518856818381022e-01 1.0652797073731600e-01 1.5518857051808799e-01 63
1 1.0644106520000000e-01 1.5544510189999999e-01 1.0652796729195405e-01 1.5544510189999999e-01 63
1 1.0548986010000000e-01 1.0256485959999999e-01 1.0548986010000000e-01 1.0244440010000000e-01 64
1 1.0574640010000000e-01 1.0256485960000000e-01 1.0574640010000000e-01 1.0244440010000000e-01 64
1 1.0548986010000000e-01 1.0244440010000000e-01 1.0548986010000000e-01 1.0218786010000000e-01 65
1 1.0574640010000000e-01 1.0244440010000000e-01 1.0574640010000000e-01 1.0218786010000000e-01 65
1 1.0548986010000000e-01 1.0218786010000000e-01 1.0548986010000000e-01 1.0210800000000002e-01 66
1 1.0574640010000000e-01 1.0218786010000000e-01 1.0574640010000000e-01 1.0210800000000002e-01 66
1 1.0548986010000000e-01 9.0755284600000000e-02 1.0548986010000000e-01 8.8716599300000004e-02 67
1 1.0574630249117772e-01 9.0755225527978559e-02 1.0574536309555452e-01 8.8716540427883753e-02 67
1 1.0448631842044392e-01 1.0438445612956411e-01 1.0412322580000000e-01 1.0402445539999999e-01 68
1 1.0466667080000000e-01 1.0420333060000000e-01 1.0430512058731324e-01 1.0384178038731325e-01 68
1 1.0538826010000001e-01 8.8614999299999997e-02 1.0151171752623900e-01 8.8616145766537646e-02 69
1 1.0538825727549063e-01 8.8359519731433009e-02 1.0151171470000001e-01 8.8358459299999997e-02 69
1 1.0407940070000000e-01 1.0400630199999999e-01 1.0092704952626891e-01 1.0400569130135028e-01 70
1 1.0407942567218620e-01 1.0374851230000000e-01 1.0092707443125599e-01 1.0374851230000000e-01 70
1 9.7628628147161306e-02 1.0374851230000000e-01 1.0014480149902601e-01 1.0374851230000000e-01 71
1 9.7628603300000005e-02 1.0400505230000000e-01 1.0014477662406013e-01 1.0400553975319501e-01 71
1 9.5411396699999998e-02 1.0400505230000000e-01 8.7123583579262046e-02 1.0400397389788589e-01 72
1 9.5411413391108146e-02 1.0374851230000000e-01 8.7123600199999998e-02 1.0374851230000000e-01 72
1 8.6766477593960084e-02 1.0364699120611302e-01 8.6765460200000005e-02 1.0199939719999999e-01 73
1 8.7022000200000005e-02 1.0364691230000000e-01 8.7022000200000005e-02 1.0199931794766576e-01 73
1 1.0701861501999786e-01 1.5497693160000001e-01 1.0704399470000001e-01 1.5497693160000001e-01 74
1 1.0701861501999786e-01 1.5515706839999999e-01 1.0704399470000001e-01 1.5515706839999999e-01 74
1 1.0700267143998698e-01 1.5497693160000001e-01 1.0701861501999786e-01 1.5497693160000001e-01 75
1 1.0700267143998698e-01 1.5515706839999999e-01 1.0701861501999786e-01 1.5515706839999999e-01 75
1 1.0698610556000004e-01 1.5497693160000001e-01 1.0700267143998698e-01 1.5497693160000001e-01 76
1 1.0698610556000004e-01 1.5515706839999999e-01 1.0700267143998698e-01 1.5515706839999999e-01 76
1 1.0693400000000000e-01 1.5497693160000001e-01 1.0698610556000004e-01 1.5497693160000001e-01 77
1 1.0693400000000000e-01 1.5515706839999999e-01 1.0698610556000004e-01 1.5515706839999999e-01 77
1 1.0691699469999998e-01 1.5497693160000001e-01 1.0693400000000000e-01 1.5497693160000001e-01 78
1 1.0691699469999998e-01 1.5515706839999999e-01 1.0693400000000000e-01 1.5515706839999999e-01 78
